 dia,pressure =    0.9000000000000        8.50019376967283     
   13.7362491394907       0.340839999999990     
   2.23126608348580       -1.48468043209878     
  4.714876568565766E-002
  0.575633548205879     
  6.687741409029653E-002
   13.6893042237147       0.341199999999995     
   2.23269114981474       -1.47929664197533     
  4.014071987351640E-002
  0.579246691375107     
  5.638242411546746E-002
   13.7035402326801       0.340913333333330     
   2.23319254436270       -1.47529241563789     
  2.890076098225203E-002
  0.636453864157624     
  4.500674762490355E-002
   13.6771015884694       0.341389999999998     
   2.23264723304789       -1.47768580864201     
  2.566006143714093E-002
  0.649315573199076     
  4.331430704920053E-002
   13.6817837780298       0.341543999999998     
   2.23203350047683       -1.47736062222225     
  2.437681514151466E-002
  0.634197800538397     
  3.280675109913515E-002
   13.6804696482039       0.341209999999998     
   2.23288615364649       -1.47625830658439     
  2.934729365762246E-002
  0.633642552293382     
  3.390652127573356E-002
   13.6744160620632       0.341539999999999     
   2.23366004411027       -1.47606355026456     
  3.132882028491082E-002
  0.627159726036909     
  3.122653370451511E-002
   13.6544136297895       0.341984999999999     
   2.23351817157610       -1.47695772530865     
  2.870962489140827E-002
  0.616963081988691     
  2.918651998219013E-002
   13.6547946746814       0.341764444444443     
   2.23352160826244       -1.47740122496573     
  2.763953346462693E-002
  0.628778512855999     
  3.243176532240107E-002
   13.7029507883970       0.340635999999999     
   2.23338496780468       -1.47739262469138     
  2.595795633524288E-002
  0.639424220397583     
  3.309128215556412E-002
   13.7315462305665       0.340032727272726     
   2.23295778503812       -1.47721429854097     
  2.704864355961604E-002
  0.634438023540295     
  3.080089051442277E-002
   13.7335062988094       0.339889999999999     
   2.23290316293897       -1.47721009670782     
  2.618628084680017E-002
  0.631481568251745     
  2.992532841714267E-002
   13.7527947864022       0.339499999999999     
   2.23201272821233       -1.47877499810066     
  3.926417556820010E-002
  0.668679110601733     
  5.400609613344313E-002
   13.7421610089739       0.339788571428571     
   2.23159397360388       -1.47965531834214     
  4.031692665014083E-002
  0.674702702173823     
  5.753523110830944E-002
   13.7677517035267       0.339247999999999     
   2.23096972349671       -1.48056593497941     
  4.608732099492813E-002
  0.682965681528537     
  6.555135467303241E-002
   13.7623319599441       0.339466249999999     
   2.23026691636122       -1.48177843364196     
  5.529997157078589E-002
  0.700929628607826     
  8.058653552229349E-002
   13.7656759737635       0.339323529411764     
   2.22991970465908       -1.48231873928829     
  5.619686852951517E-002
  0.701764854886128     
  8.330937721899458E-002
   13.7697488793557       0.339332222222222     
   2.22978476055879       -1.48252862139917     
  5.444385939557488E-002
  0.694267808726704     
  8.151051994622580E-002
   13.7432472884536       0.339864210526315     
   2.22980914822095       -1.48278215789473     
  5.181798940736529E-002
  0.687413639169881     
  7.735186546422076E-002
   13.7447970370203       0.339886999999999     
   2.22967419947468       -1.48300031358025     
  5.005350921287703E-002
  0.679745577982229     
  7.457125636239176E-002
   13.7493194065390       0.339814285714285     
   2.22949658784871       -1.48290058612582     
  4.921757906997277E-002
  0.674215864319232     
  7.148219168526786E-002
   13.7576482143416       0.339602727272727     
   2.22946088232462       -1.48285588047137     
  4.736450500403044E-002
  0.667390416875170     
  6.835098924051958E-002
   13.7596706748869       0.339533913043478     
   2.22940137562686       -1.48275722973700     
  4.675311327685790E-002
  0.664047874771544     
  6.688058145219683E-002
   13.7532031600452       0.339680833333333     
   2.22923445311271       -1.48298661882716     
  4.615640902919860E-002
  0.660051407906979     
  6.582775774697162E-002
   13.7616004586726       0.339495200000000     
   2.22917336802630       -1.48316383308641     
  4.470630981467551E-002
  0.656146261491014     
  6.354169323238168E-002
   13.7666307176722       0.339420769230769     
   2.22917916048142       -1.48307411490975     
  4.342580493028558E-002
  0.650954524218009     
  6.183935724525496E-002
   13.7747778107210       0.339224444444444     
   2.22915000600181       -1.48299297439413     
  4.231266737551478E-002
  0.647348565587950     
  5.999017988635497E-002
   13.7718480821496       0.339312857142857     
   2.22891285801088       -1.48329013977069     
  4.330033862092040E-002
  0.645222685990321     
  6.095080060518935E-002
   13.7698044789737       0.339341379310345     
   2.22881905674421       -1.48347046615577     
  4.226482031670167E-002
  0.641612999983111     
  5.969015829172283E-002
   13.7721442470247       0.339314666666666     
   2.22838272102234       -1.48439070987650     
  4.967491503866243E-002
  0.673149865594615     
  7.521246034540038E-002
   13.7788944434180       0.339238709677419     
   2.22811264093478       -1.48476439824769     
  5.274777006056409E-002
  0.679927321687463     
  8.029277612100506E-002
   13.7789585243960       0.339212500000000     
   2.22829343400174       -1.48440318016974     
  5.358507035399783E-002
  0.681180100900150     
  8.085158293296281E-002
   13.7730464934723       0.339329696969697     
   2.22839050080585       -1.48435331949121     
  5.313136387585735E-002
  0.676210181441398     
  7.892510131292997E-002
   13.7743484135146       0.339354117647059     
   2.22835386660298       -1.48449286601305     
  5.175615742608435E-002
  0.674159159464825     
  7.703799719662813E-002
   13.7754667229294       0.339352000000000     
   2.22827236579704       -1.48454449559081     
  5.090438257979513E-002
  0.679644005502790     
  7.578177454744757E-002
   13.7848536420264       0.339115555555555     
   2.22823314762237       -1.48427958264743     
  4.977498508974480E-002
  0.681039273264257     
  7.350310900378419E-002
   13.7763146991576       0.339278378378378     
   2.22816683286900       -1.48457298431761     
  4.880134874011999E-002
  0.683005158314852     
  7.245980374761336E-002
   13.7702707447877       0.339367894736842     
   2.22826114749683       -1.48448518063673     
  4.817855851890823E-002
  0.678183720040228     
  7.104056769155317E-002
   13.7658101234808       0.339449743589743     
   2.22821430186438       -1.48449144539405     
  4.733544946437387E-002
  0.675868771584457     
  6.969983033072395E-002
   13.7597248779319       0.339552000000000     
   2.22827342946039       -1.48442936512337     
  4.656304978600745E-002
  0.673164966235778     
  6.821583759524498E-002
   13.7533116761634       0.339691219512195     
   2.22816921801830       -1.48467290665453     
  4.653892599414160E-002
  0.672563769670001     
  6.872968238406582E-002
   13.7524318066665       0.339759523809524     
   2.22804785892477       -1.48491958230446     
  4.671754489112415E-002
  0.673407159488909     
  6.919044055669356E-002
   13.7502443254124       0.339794418604651     
   2.22789686344979       -1.48518065862754     
  4.718115109316647E-002
  0.673697311180773     
  7.025651679810865E-002
   13.7573021516057       0.339639090909091     
   2.22778264491090       -1.48511614534223     
  4.726464691378984E-002
  0.673038838772341     
  6.883454734824128E-002
   13.7609894815042       0.339557333333333     
   2.22772618010116       -1.48512328175573     
  4.662936162689013E-002
  0.670419742899406     
  6.768850384671257E-002
   13.7667151800940       0.339475217391304     
   2.22765864382375       -1.48503136527098     
  4.612682829898448E-002
  0.668318907046162     
  6.613644433110331E-002
   13.7609890681403       0.339593617021276     
   2.22756934971022       -1.48515949619113     
  4.585213776274145E-002
  0.666786500790625     
  6.574535234516370E-002
   13.7603616769827       0.339620000000000     
   2.22749894334481       -1.48522418467071     
  4.612609308688238E-002
  0.669745416740091     
  6.693501434423850E-002
   13.7619725256977       0.339579183673469     
   2.22765525169628       -1.48485822524554     
  4.701709495895684E-002
  0.676686519182023     
  6.962520480719937E-002
   13.7576721274575       0.339664000000000     
   2.22778353529639       -1.48460108938259     
  4.746518251377532E-002
  0.676586636578452     
  7.060777845293209E-002
   13.7614892742748       0.339574117647059     
   2.22780787282625       -1.48431844589673     
  4.696444576971529E-002
  0.679826566576447     
  6.992434092078188E-002
   13.7682056687774       0.339422692307692     
   2.22789504984314       -1.48402022388400     
  4.691184070778931E-002
  0.685132367648849     
  7.048200319585411E-002
   13.7650711859096       0.339499245283019     
   2.22797938015340       -1.48394110482168     
  4.711752157883184E-002
  0.683015948259214     
  7.008654123233558E-002
   13.7687697894326       0.339422592592592     
   2.22796712259187       -1.48382802057599     
  4.653538261196577E-002
  0.682851975189013     
  6.875987138528489E-002
   13.7708122775917       0.339420727272727     
   2.22780513958838       -1.48416892143645     
  4.880561627350512E-002
  0.691551326401021     
  7.358517147848080E-002
   13.7700976736489       0.339428928571428     
   2.22765592860772       -1.48437501543197     
  5.010241582422467E-002
  0.693363347594768     
  7.570350559337032E-002
   13.7650378746648       0.339516140350877     
   2.22759259486606       -1.48453197899055     
  4.965079310560913E-002
  0.693528112176095     
  7.541536931091768E-002
   13.7675694343452       0.339436896551724     
   2.22754625685825       -1.48470941741152     
  4.910804667932956E-002
  0.694395198440115     
  7.509599912954242E-002
   13.7663390229563       0.339474915254237     
   2.22755598651765       -1.48469443314487     
  4.839812812429887E-002
  0.691694261861993     
  7.388119847066738E-002
   -1.48469199444430       0.339481333333333     
   2.22758299034730       -1.48469199444430     
  4.813282646938892E-002
  0.691066979809405     
  7.351584809117083E-002
