 dia,pressure =    1.1000000000000        8.13763782732879     
   12.4568977167321       0.364519999999994     
   2.22843148156726       -1.96778901920438     
  7.255243860563296E-003
  0.784417303958690     
 -3.639373197411641E-003
   12.3727969076872       0.366899999999997     
   2.22513638960227       -1.97048670507542     
  3.414252214517000E-002
  0.802036959990930     
  1.778922999001334E-002
   12.4011977094326       0.365413333333331     
   2.22591378089025       -1.96825211568357     
  4.058429531993239E-002
  0.785185233625968     
  2.607835622807534E-002
   12.3611106677558       0.366424999999999     
   2.22722444646316       -1.96470691426611     
  4.058748763437869E-002
  0.826371504408429     
  4.167939967360843E-002
   12.3400730952183       0.366831999999999     
   2.22904317037856       -1.96200304938273     
  5.430939880714576E-002
  0.866002756663418     
  6.741906703987696E-002
   12.2967840012534       0.367973333333332     
   2.22994708882637       -1.96076789574764     
  5.392314662418451E-002
  0.841454947366033     
  6.620776482615669E-002
   12.2858041974585       0.368305714285713     
   2.23054776360360       -1.95950363296103     
  5.141612490197063E-002
  0.848096682989666     
  6.632918981672851E-002
   12.3197837274892       0.367459999999999     
   2.23047216208470       -1.96009347050758     
  4.625664661486412E-002
  0.839288632330499     
  6.164067881810485E-002
   12.2840976343251       0.368395555555555     
   2.23105857753837       -1.95900669029114     
  5.258796517117605E-002
  0.874099197938006     
  7.560308746314633E-002
   12.2933217408323       0.367887999999999     
   2.23130647741189       -1.95832319629633     
  4.982222809196949E-002
  0.884707974558070     
  7.637291585755314E-002
   12.3116104341102       0.367532727272727     
   2.23135147942933       -1.95767565157750     
  4.658886941918906E-002
  0.879641077046848     
  7.238940819021619E-002
   12.3385048237622       0.366971666666666     
   2.23129631449174       -1.95743197976677     
  4.419643991973011E-002
  0.871642942546735     
  6.852883946911079E-002
   12.3339281302632       0.367104615384615     
   2.23122111737039       -1.95781207259680     
  4.230787737016529E-002
  0.859229725840487     
  6.553362459564933E-002
   12.3203104636789       0.367162857142857     
   2.23162682598026       -1.95730953390163     
  4.372149140577870E-002
  0.865814392516883     
  6.797722772890180E-002
   12.3192000927897       0.367040000000000     
   2.23164325811683       -1.95705817366257     
  4.110960491303104E-002
  0.856973950371059     
  6.423919859985854E-002
   12.3396586017219       0.366637500000000     
   2.23155864489734       -1.95687863846026     
  3.938077988974310E-002
  0.855042894414929     
  6.078432351613405E-002
   12.3316344399891       0.366730588235294     
   2.23141444962193       -1.95720777810055     
  3.792473857402188E-002
  0.853665074288835     
  5.964475907991153E-002
   12.3044543235662       0.367328888888889     
   2.23114199809350       -1.95770805235485     
  3.853751499389792E-002
  0.850648044160119     
  6.067552499351041E-002
   12.3265265091225       0.366948421052631     
   2.23055447123511       -1.95850677669480     
  4.666908859915326E-002
  0.867343317821433     
  7.205005870514763E-002
   12.3336637978678       0.366820000000000     
   2.23046498530644       -1.95877106454043     
  4.687451556917734E-002
  0.862376508395608     
  7.078372038296252E-002
   12.3299681552852       0.366877142857143     
   2.23069039492931       -1.95824308713827     
  4.631870011038904E-002
  0.873184198778715     
  7.142071567888986E-002
   12.3247892915891       0.366866363636363     
   2.23100937570540       -1.95777408436214     
  4.773088420686326E-002
  0.874331009077912     
  7.269454050170883E-002
   12.3154188401189       0.367116521739130     
   2.23108318645214       -1.95782033005309     
  4.745818773317770E-002
  0.873949637696586     
  7.157924370484993E-002
   12.3148574646625       0.367132500000000     
   2.23088415589332       -1.95835124742801     
  4.699566739704587E-002
  0.878740294795580     
  7.218268806865676E-002
   12.3061806469021       0.367349600000000     
   2.23096644946103       -1.95844564938274     
  4.568829460245837E-002
  0.878526331441648     
  6.862155338112996E-002
   12.3062208121688       0.367298461538461     
   2.23099560386733       -1.95840399145300     
  4.467102649668934E-002
  0.876081915878894     
  6.637546606463346E-002
   12.3084132702121       0.367345925925926     
   2.23111560149569       -1.95805557841796     
  4.395949884748344E-002
  0.878036956125244     
  6.590433438158881E-002
   12.2993594914540       0.367547857142857     
   2.23136861136760       -1.95770601082700     
  4.572883133862080E-002
  0.883725248058729     
  6.926396998969662E-002
   12.2958961114614       0.367595172413793     
   2.23138167277474       -1.95761860006625     
  4.450100141645132E-002
  0.879463662119360     
  6.716975926609579E-002
   12.3010771545272       0.367466666666667     
   2.23148197506867       -1.95761242528583     
  4.379487037530937E-002
  0.876162912171533     
  6.511680602530578E-002
   12.2996935392576       0.367470967741935     
   2.23155829604402       -1.95776275649371     
  4.295050628759243E-002
  0.880454819460383     
  6.328406104027694E-002
   12.2871456454881       0.367668125000000     
   2.23163492408656       -1.95763221013381     
  4.225021255533472E-002
  0.876204778293380     
  6.228026244531116E-002
   12.2891666186701       0.367669696969697     
   2.23164848999342       -1.95730116826709     
  4.118033522671019E-002
  0.879255014675476     
  6.086903871371897E-002
   12.2966384687758       0.367447647058823     
   2.23166050459425       -1.95715085689507     
  4.042130149262146E-002
  0.876660573241954     
  5.992133311931382E-002
   12.2941108930074       0.367434857142857     
   2.23168936296841       -1.95681934411134     
  3.960804086285854E-002
  0.880217529629550     
  5.943354236555089E-002
   12.2940816821540       0.367390555555555     
   2.23172962069722       -1.95674235429056     
  3.909764994211771E-002
  0.879413549550675     
  5.866673917877657E-002
   12.2896431729262       0.367523243243243     
   2.23173897096922       -1.95686381170067     
  3.809866957514661E-002
  0.877093327830230     
  5.716094231384163E-002
   12.2905294380430       0.367473157894737     
   2.23169233487650       -1.95701107252191     
  3.735311795281571E-002
  0.874056215572397     
  5.616817890658841E-002
   12.2860141986207       0.367599487179487     
   2.23157305676541       -1.95718533104715     
  3.739151426441507E-002
  0.872509932756776     
  5.614986584570979E-002
   12.2889331105992       0.367531000000000     
   2.23152272016113       -1.95727830267495     
  3.688694594813759E-002
  0.868203598294351     
  5.508575902884944E-002
   12.2948882103198       0.367347804878049     
   2.23155991493568       -1.95709737214364     
  3.657003048429232E-002
  0.868063635951667     
  5.534243015433143E-002
   12.2892737749275       0.367443333333333     
   2.23178101634461       -1.95679217427661     
  3.941240917191175E-002
  0.870669793614170     
  5.846596827871881E-002
   12.2893454540434       0.367405581395349     
   2.23185859047072       -1.95665462388745     
  3.912491061237981E-002
  0.870509003601401     
  5.804232982447483E-002
   12.2875051620395       0.367425454545454     
   2.23196239889888       -1.95645027331962     
  3.901158055272694E-002
  0.869187393981391     
  5.833687220877758E-002
   12.2902901965179       0.367359111111111     
   2.23197986564733       -1.95651582655086     
  3.836119533688934E-002
  0.864469896837180     
  5.731611057646509E-002
   12.2990841989220       0.367189130434783     
   2.23178517291515       -1.95697608316936     
  4.010207740020195E-002
  0.875613408974424     
  6.225178236547236E-002
   12.3021193932009       0.367082553191489     
   2.23174002835065       -1.95694456953569     
  3.952680531102239E-002
  0.874031015998838     
  6.099098222640859E-002
   12.2977778319129       0.367129166666667     
   2.23186316457465       -1.95666646910724     
  3.992535991898248E-002
  0.877493477834641     
  6.223663898176725E-002
   12.2981210633655       0.367113469387755     
   2.23190836618354       -1.95650430055149     
  3.939664722337236E-002
  0.877069321413753     
  6.168176295215874E-002
   12.2998083023112       0.367033200000000     
   2.23196169400223       -1.95642179816188     
  3.922140590631912E-002
  0.878427777779819     
  6.202874993034121E-002
   12.2995494558276       0.367079607843137     
   2.23189464433898       -1.95661643911886     
  3.904095923321114E-002
  0.878975409084346     
  6.207813276543041E-002
   12.3005154500284       0.367097307692308     
   2.23195049366678       -1.95671746900392     
  3.869229863399054E-002
  0.879294708424180     
  6.074481860482945E-002
   12.3041736538546       0.367016603773585     
   2.23180255516187       -1.95683257620932     
  4.005600582675392E-002
  0.879700113592519     
  6.195542806078046E-002
   12.3049369764415       0.366938518518518     
   2.23162995698600       -1.95720890507036     
  4.169710890475573E-002
  0.887807250281589     
  6.584290780154510E-002
   12.3044646135769       0.366928363636364     
   2.23154308010509       -1.95739260548699     
  4.201193936731262E-002
  0.889900619177523     
  6.660332945972067E-002
   12.3059688354505       0.366883214285714     
   2.23153360520638       -1.95753510638350     
  4.169769597652435E-002
  0.887752753164394     
  6.579776929050619E-002
   12.3094167767226       0.366797192982456     
   2.23160023125321       -1.95733078925710     
  4.148625024046304E-002
  0.889613626523528     
  6.622267952881711E-002
   12.3141653080214       0.366713448275862     
   2.23152983491671       -1.95743911993284     
  4.156474416260447E-002
  0.889957186079933     
  6.651284619489381E-002
   12.3135242322787       0.366754576271186     
   2.23141737863732       -1.95766675352817     
  4.199910609611145E-002
  0.891631772642028     
  6.759723250665527E-002
   -1.95799491822130       0.366731000000000     
   2.23128398115440       -1.95799491822130     
  4.330027182631205E-002
  0.899344228145466     
  7.107513751714678E-002
