 dia,pressure =    0.8000000000000        8.65630797437469     
   14.4488531321576       0.327239999999997     
   2.22905612945234       -1.25035974759943     
  1.669894494831725E-002
  0.532285489641138     
  5.111716479726616E-002
   14.6846560689988       0.321729999999998     
   2.23040261154154       -1.24186510836761     
  2.307510028231700E-002
  0.679140979203105     
  7.529886715401020E-002
   14.6994568954068       0.321526666666666     
   2.22793092616431       -1.24488474074074     
  3.662911872666927E-002
  0.625125836695970     
  8.005543718084222E-002
   14.6657665526511       0.321899999999999     
   2.22801432525372       -1.24599274897117     
  2.968076985349830E-002
  0.593447881277755     
  6.517499558269570E-002
   14.6023807376824       0.322743999999999     
   2.22901936441643       -1.24660954074072     
  3.033781461468776E-002
  0.564950376313399     
  4.875513491833847E-002
   14.5413763402440       0.323916666666666     
   2.23009137129818       -1.24587871787836     
  3.533910172231321E-002
  0.559740010946951     
  4.893061263724119E-002
   14.5486086512570       0.323768571428571     
   2.23102704524743       -1.24568120713307     
  4.906375104093870E-002
  0.559545901418435     
  5.551998043430335E-002
   14.5222561975494       0.324037500000000     
   2.23320617078161       -1.24251904663922     
  9.553037043941937E-002
  0.645319902687174     
  0.116271688754025     
   14.4838447482928       0.324860000000000     
   2.23422569821263       -1.24078654473403     
  9.934547756618432E-002
  0.670469569519165     
  0.129576644960812     
   14.4795517316197       0.325098000000000     
   2.23441816859463       -1.24171912427983     
  9.071351098859956E-002
  0.662992592588315     
  0.114838607824422     
   14.4772607576112       0.325176363636363     
   2.23455583627856       -1.24259506073076     
  8.407477492055203E-002
  0.659639902887176     
  0.104733972583547     
   14.4968794123349       0.324751666666666     
   2.23426910872950       -1.24321898948329     
  7.984682556180428E-002
  0.646380987335495     
  9.879205921621370E-002
   14.5107819725877       0.324532307692307     
   2.23380960012429       -1.24400570053814     
  7.853393629321059E-002
  0.644924150492717     
  9.992394631822438E-002
   14.5010571420547       0.324750000000000     
   2.23350714686564       -1.24547388830102     
  7.498041686661980E-002
  0.672186348544158     
  0.101272204218107     
   14.4878955918865       0.325013333333333     
   2.23341872867672       -1.24637286803842     
  7.150628600034489E-002
  0.671153182595322     
  9.622475439832676E-002
   14.4559692482551       0.325781250000000     
   2.23370814336140       -1.24634355967077     
  6.929746199532096E-002
  0.655406704988836     
  9.008145754129962E-002
   14.4627132291146       0.325624705882353     
   2.23396626230901       -1.24600812523198     
  6.756772597630818E-002
  0.642510945819617     
  8.734067675316332E-002
   14.4744527224464       0.325364444444444     
   2.23381424624486       -1.24610046273433     
  6.915172662034079E-002
  0.635206310993216     
  8.850465024892594E-002
   14.4859744045857       0.325101052631579     
   2.23353099863949       -1.24585205977906     
  6.875092902607878E-002
  0.627153895350444     
  8.304485651560581E-002
   14.4926008297492       0.324961000000000     
   2.23362908344518       -1.24531116433467     
  6.608251421309914E-002
  0.630879887007624     
  8.144520687116875E-002
   14.4968424230508       0.324945714285714     
   2.23359035175775       -1.24547213064207     
  6.339041880537616E-002
  0.628032862707022     
  7.862286816578483E-002
   14.5084114913545       0.324673636363636     
   2.23342638536958       -1.24566286120461     
  6.171777220097956E-002
  0.619541878305792     
  7.580195980043002E-002
   14.5175303712505       0.324488695652174     
   2.23322174539055       -1.24582669195440     
  6.072971636789693E-002
  0.610916860521399     
  7.383445902211654E-002
   14.5360194121375       0.324066666666667     
   2.23293956447209       -1.24577345633284     
  6.103085963226681E-002
  0.603161190579925     
  7.025199200609693E-002
   14.5330905997464       0.324104800000000     
   2.23289733483185       -1.24568415692728     
  5.900136235237775E-002
  0.596066372588836     
  6.734390230088305E-002
   14.5292619965140       0.324116923076923     
   2.23295524586913       -1.24573483760684     
  5.739009169419647E-002
  0.590401634670071     
  6.462349638588408E-002
   14.5395421278950       0.323919259259259     
   2.23291157037313       -1.24585306670731     
  5.615944248484894E-002
  0.585392617306574     
  6.339808594494217E-002
   14.5356918000909       0.324055714285714     
   2.23285522778706       -1.24633719968645     
  5.460029579852343E-002
  0.588291441495703     
  6.245188238306511E-002
   14.5419135818255       0.323895862068965     
   2.23283862793408       -1.24623872323919     
  5.292651322714994E-002
  0.584666654664323     
  6.044151831563963E-002
   14.5403065553293       0.323948666666667     
   2.23298409380546       -1.24593442487425     
  5.372287108548834E-002
  0.585269074253380     
  6.115047035304499E-002
   14.5435981772243       0.323925161290322     
   2.23312232619362       -1.24560430107527     
  5.321330070848205E-002
  0.585143421745932     
  6.070236769844627E-002
   14.5383312336723       0.324058125000000     
   2.23335472998243       -1.24528448765432     
  5.475577497688749E-002
  0.584836234524143     
  6.239957305698891E-002
   14.5300399360539       0.324290303030303     
   2.23355318760326       -1.24502903138378     
  5.515848706886479E-002
  0.585463856428348     
  6.338538265077472E-002
   14.5273157301743       0.324376470588235     
   2.23346244697571       -1.24517497296861     
  5.443963958320958E-002
  0.583870111353023     
  6.256272673302216E-002
   14.5287766811302       0.324337714285714     
   2.23355112409228       -1.24516415473251     
  5.389194358114679E-002
  0.581191936461191     
  6.170016543194566E-002
   14.5259903116268       0.324426111111111     
   2.23357682654045       -1.24529702484376     
  5.250465650678662E-002
  0.578080761638586     
  6.004869334940247E-002
   14.5256840990136       0.324427567567567     
   2.23341919412942       -1.24573086716344     
  5.266684953082450E-002
  0.584535543868492     
  6.216479739070668E-002
   14.5212496080628       0.324576842105263     
   2.23328841752090       -1.24617966096309     
  5.232106373403911E-002
  0.590726644848633     
  6.386554913679517E-002
   14.5121713768747       0.324799487179487     
   2.23326382123678       -1.24647594245717     
  5.145137008938769E-002
  0.592555189713777     
  6.275055318482137E-002
   14.5066649019251       0.324901000000000     
   2.23339102571318       -1.24655165898491     
  5.134215659049272E-002
  0.589620686849689     
  6.096705024273404E-002
   14.5064442117667       0.324891707317073     
   2.23328374305228       -1.24669203867643     
  5.102265884126287E-002
  0.588006218058850     
  6.058117817434926E-002
   14.5079526344607       0.324792380952381     
   2.23341872844837       -1.24633967809784     
  5.128518232005164E-002
  0.593410492749484     
  6.227370123183768E-002
   14.5065785960962       0.324819534883721     
   2.23349715164270       -1.24599944109483     
  5.063947611609768E-002
  0.597588644939473     
  6.282826229944750E-002
   14.5116183621091       0.324733636363636     
   2.23357771698854       -1.24568638209252     
  5.006480755971741E-002
  0.600578933927411     
  6.321095911005306E-002
   14.5167528657154       0.324653777777778     
   2.23341405054394       -1.24596742301477     
  5.153843509582662E-002
  0.607083474765615     
  6.706737789232776E-002
   14.5151611777384       0.324692173913043     
   2.23321529134112       -1.24648209125066     
  5.314097683800100E-002
  0.619960336280036     
  7.227716863563380E-002
   14.5158832103693       0.324671914893617     
   2.23316616293458       -1.24659029133465     
  5.249940262869797E-002
  0.619992549803277     
  7.167463419963317E-002
   14.5128749424091       0.324735416666667     
   2.23308526843677       -1.24662595679011     
  5.220883886683706E-002
  0.616560805365711     
  7.099894807094299E-002
   14.5176796869325       0.324612653061224     
   2.23305186520168       -1.24641866532288     
  5.138253571340413E-002
  0.616099411760941     
  6.937188594255217E-002
   14.5184009513694       0.324596000000000     
   2.23302926565819       -1.24657307412890     
  5.076255584940498E-002
  0.614315312192552     
  6.829836836151834E-002
   14.5224738331422       0.324515294117647     
   2.23285060234517       -1.24707205078129     
  5.250656705436556E-002
  0.631330849414063     
  7.448170787619102E-002
   14.5240670486598       0.324496923076923     
   2.23280139082635       -1.24743440075968     
  5.180012524787168E-002
  0.636845096360013     
  7.439063602278048E-002
   14.5238215795331       0.324530188679245     
   2.23277608669088       -1.24762230835719     
  5.124675861939235E-002
  0.635995638018298     
  7.391920315563368E-002
   14.5183349567725       0.324671851851852     
   2.23266971916438       -1.24797530498392     
  5.131242951615847E-002
  0.642115329360635     
  7.558642674526002E-002
   14.5209727662778       0.324641454545454     
   2.23252526922151       -1.24835386018198     
  5.211194745675036E-002
  0.649524251417485     
  7.856826725540512E-002
   14.5204744227647       0.324642142857143     
   2.23247028157176       -1.24862879541436     
  5.174859375303256E-002
  0.652931175624890     
  7.879188257060797E-002
   14.5202891919769       0.324692631578947     
   2.23247335613817       -1.24875602704968     
  5.103664084456462E-002
  0.650296745799157     
  7.762297027901489E-002
   14.5179918049511       0.324738620689655     
   2.23241857865653       -1.24883048238010     
  5.101058483558141E-002
  0.646744422956315     
  7.697194759941434E-002
   14.5155466850756       0.324822372881356     
   2.23228187480621       -1.24911385124726     
  5.205338720784143E-002
  0.650500360172081     
  7.939345124466705E-002
   -1.24921593781429       0.324802666666667     
   2.23217482643442       -1.24921593781429     
  5.292535882535172E-002
  0.648184475652166     
  7.978417498285321E-002
