 dia,pressure =    1.1500000000000        8.02277425969222     
   12.4710716763850       0.361419999999994     
   2.22570645393778       -2.09257852263375     
  1.190631477921097E-002
  0.803288879404445     
  6.809252033835412E-004
   12.3886269572614       0.362459999999997     
   2.22652350828095       -2.09058629355281     
  2.419828700951833E-002
  0.785121863037194     
  1.044592453609932E-002
   12.4061093161619       0.362626666666665     
   2.22619277339400       -2.09135037311385     
  2.120420211908217E-002
  0.763360773938847     
  9.039178223995841E-003
   12.3977400612120       0.362979999999999     
   2.22671017741473       -2.08986361162552     
  1.944052398879342E-002
  0.799161679042434     
  1.520604218157231E-002
   12.3279269953703       0.364715999999999     
   2.22620002188749       -2.08992224979427     
  1.938153919476418E-002
  0.810980449757693     
  1.604073720019933E-002
   12.2501189504433       0.366149999999999     
   2.22677760894331       -2.09020768484226     
  2.100891544801708E-002
  0.811292877109065     
  1.379747419499457E-002
   12.1638246058036       0.368325714285713     
   2.22754130661804       -2.08942119233785     
  2.518269480097482E-002
  0.831012835091207     
  2.300101623068691E-002
   12.1307799092520       0.368989999999999     
   2.22897195961789       -2.08668808539099     
  4.676228192914660E-002
  0.922087222264903     
  6.798437878518439E-002
   12.0910221106605       0.369664444444444     
   2.23014965607141       -2.08492848110047     
  5.895400510408464E-002
  0.959234805054584     
  8.820857647372971E-002
   12.0801578822438       0.370357999999999     
   2.23032891217360       -2.08511736522639     
  5.412447682373604E-002
  0.940665396832349     
  7.921214549709575E-002
   12.0781003665571       0.370425454545454     
   2.23020270269343       -2.08586566329970     
  4.984195503969619E-002
  0.939503039801889     
  7.418853369853043E-002
   12.0832671382949       0.370570000000000     
   2.23018742342162       -2.08587785333795     
  4.612989590563319E-002
  0.939357205269799     
  6.912259912421946E-002
   12.0709639059216       0.370912307692307     
   2.23012635294713       -2.08621372100886     
  4.457483688734768E-002
  0.937724037462557     
  6.713442676389218E-002
   12.0709253983041       0.371010000000000     
   2.22988582413086       -2.08687096987075     
  4.323365480418027E-002
  0.936768758238455     
  6.672919966751328E-002
   12.0641471687815       0.371230666666666     
   2.22982718943946       -2.08754088006410     
  4.163465975555086E-002
  0.935952155516114     
  6.453206058795581E-002
   12.0555061564117       0.371485000000000     
   2.23000346818777       -2.08754487384265     
  4.103385833499567E-002
  0.935297243593488     
  6.431423893430105E-002
   12.0439094934288       0.371647058823529     
   2.23023031938122       -2.08721499705485     
  4.011459103740742E-002
  0.930451777635911     
  6.299002975154824E-002
   12.0343576344304       0.371766666666666     
   2.23020279199716       -2.08728965755991     
  3.877511124454939E-002
  0.923629555461573     
  6.085979688065605E-002
   12.0365005595356       0.371840000000000     
   2.23051461411399       -2.08635567594405     
  4.007044955270444E-002
  0.945002959206935     
  6.549380515029374E-002
   12.0177754453646       0.372255000000000     
   2.23111615041312       -2.08519143847744     
  4.867172433735371E-002
  0.978352607300681     
  8.324965516493055E-002
   12.0098358201917       0.372320952380952     
   2.23153897448075       -2.08430862316291     
  5.272673400545643E-002
  0.996176273722983     
  9.149177099408434E-002
   12.0016060912637       0.372443636363636     
   2.23193558369759       -2.08368702852604     
  5.543734938984504E-002
   1.00308564811337     
  9.502720142323114E-002
   12.0099880809381       0.372259130434782     
   2.23176787900045       -2.08380444513035     
  5.520726067355140E-002
  0.999740189233915     
  9.428139277603514E-002
   12.0074743342758       0.372207500000000     
   2.23158166084767       -2.08429110113746     
  5.447186107794525E-002
   1.00023114639724     
  9.403978893278284E-002
   12.0149740198525       0.371995200000000     
   2.23151610973491       -2.08432444921815     
  5.280936438084384E-002
  0.992050396001276     
  9.134989556327158E-002
   12.0132766433329       0.372059230769231     
   2.23155958311437       -2.08429587424822     
  5.192730881641676E-002
  0.985686897292518     
  8.974006726915328E-002
   12.0163991475625       0.372095555555555     
   2.23166148141737       -2.08432555344719     
  5.094265233628217E-002
  0.978275332898821     
  8.702050084066834E-002
   12.0126135736396       0.372265000000000     
   2.23160188851777       -2.08451280788267     
  4.960018122090928E-002
  0.976961943810226     
  8.445942667762836E-002
   12.0145003360126       0.372304827586207     
   2.23165419351825       -2.08444147980232     
  4.887423566727808E-002
  0.975757015769374     
  8.298698776684671E-002
   12.0137560487781       0.372258666666667     
   2.23180984065642       -2.08401905475543     
  4.839948173331298E-002
  0.978915165642223     
  8.317719878204304E-002
   12.0144870543927       0.372238064516129     
   2.23173200470704       -2.08413200747826     
  4.732930254886138E-002
  0.972294160935246     
  8.085739278252078E-002
   12.0215653067213       0.372097500000000     
   2.23182330207391       -2.08408754140951     
  4.718029112088786E-002
  0.966540601671723     
  7.950629142520522E-002
   12.0173003569561       0.372149696969697     
   2.23173333986723       -2.08439525801227     
  4.698570875836783E-002
  0.967707514664508     
  7.989660920872822E-002
   12.0194276008557       0.372115882352941     
   2.23145163589431       -2.08498167348509     
  4.976116959772114E-002
  0.977928910649730     
  8.588177529496237E-002
   12.0142182940669       0.372290857142857     
   2.23163880737507       -2.08487687820895     
  5.130595547007843E-002
  0.975151718609464     
  8.619106697500244E-002
   12.0038956660014       0.372535555555555     
   2.23185704821027       -2.08457226987128     
  5.290867966716017E-002
  0.975850721335726     
  8.834545240251342E-002
   11.9909667818244       0.372825405405405     
   2.23188889730814       -2.08466869788313     
  5.180297013428394E-002
  0.971152496511380     
  8.592539437006451E-002
   11.9889398612916       0.372803157894737     
   2.23185961321734       -2.08472389726382     
  5.063797621406482E-002
  0.967257454871252     
  8.360283764625522E-002
   11.9868642779350       0.372737948717949     
   2.23190433934450       -2.08476790958822     
  4.997694132586401E-002
  0.963752834679526     
  8.235562555644586E-002
   11.9881419524696       0.372675000000000     
   2.23188183600076       -2.08486443384783     
  4.929025228095684E-002
  0.960021927817348     
  8.014645476867926E-002
   11.9823456336224       0.372781951219512     
   2.23211589493884       -2.08443398593136     
  5.180406709047052E-002
  0.970968129412260     
  8.559097781844908E-002
   11.9767126479940       0.372950000000000     
   2.23236682140036       -2.08400112868257     
  5.452549547999484E-002
  0.979988297229104     
  9.066194414973422E-002
   11.9780915337063       0.372850232558139     
   2.23251485226583       -2.08356345042595     
  5.538170551050797E-002
  0.990957563381453     
  9.379276659249688E-002
   11.9767081145590       0.372823636363636     
   2.23259048592269       -2.08335710587365     
  5.472265890913163E-002
  0.989582718955545     
  9.259450513161123E-002
   11.9792532580568       0.372800444444444     
   2.23253721030084       -2.08342403150446     
  5.384823220267135E-002
  0.983455610931666     
  9.070773902368159E-002
   11.9802303218299       0.372804782608696     
   2.23263772350889       -2.08346053943767     
  5.381536735438924E-002
  0.982311433844207     
  8.910162189401055E-002
   11.9768328521972       0.372894893617021     
   2.23269450713598       -2.08353008614254     
  5.354050975369573E-002
  0.980981902333056     
  8.768244518275910E-002
   11.9787282757396       0.372857083333333     
   2.23264447786080       -2.08372167859800     
  5.280132440208816E-002
  0.979483153274990     
  8.692242268433677E-002
   11.9676254381317       0.373120000000000     
   2.23269611311710       -2.08372886328770     
  5.207666221990752E-002
  0.979800837872031     
  8.545602721438368E-002
   11.9715843818878       0.373080400000000     
   2.23270204935640       -2.08375691427985     
  5.143826930120649E-002
  0.978072984229686     
  8.456788341692385E-002
   11.9763858812581       0.373010980392157     
   2.23270048790039       -2.08378285191913     
  5.051401097439893E-002
  0.975667133974614     
  8.298309789716640E-002
   11.9694067941563       0.373197307692308     
   2.23275486886802       -2.08387604567638     
  5.025164307885904E-002
  0.974584308594710     
  8.207468095145648E-002
   11.9646183725786       0.373269811320755     
   2.23279482330956       -2.08387511684396     
  4.948288301933449E-002
  0.970866940207830     
  8.072389614088341E-002
   11.9651284430188       0.373311111111111     
   2.23279798210536       -2.08390651011027     
  4.861979091997336E-002
  0.969847282160978     
  7.935974396627958E-002
   11.9688591153091       0.373264363636364     
   2.23275216127608       -2.08401684104004     
  4.832041015994156E-002
  0.967646581040304     
  7.870869531737124E-002
   11.9660773906671       0.373310357142857     
   2.23266561688954       -2.08412183577062     
  4.830938682026537E-002
  0.964690948409809     
  7.831863945878956E-002
   11.9693862271614       0.373201403508772     
   2.23264380354401       -2.08409103692875     
  4.807630019832213E-002
  0.964503093866634     
  7.803934935692068E-002
   11.9695143065531       0.373235172413793     
   2.23264530353755       -2.08409476766712     
  4.738300436640104E-002
  0.960631231823361     
  7.673033065285612E-002
   11.9618853318618       0.373444406779661     
   2.23277279420529       -2.08391585211927     
  4.806751448441353E-002
  0.961571124145973     
  7.759681817042442E-002
   -2.08372931917015       0.373524666666667     
   2.23293244807807       -2.08372931917015     
  4.958482382152183E-002
  0.960844242975974     
  7.901727952996399E-002
