 dia,pressure =    0.9500000000000        8.42500803898062     
   13.5228028393800       0.343219999999890     
   2.22093710116835       -1.60701620781892     
  8.635505756672435E-003
  0.644038574292295     
  2.136220641754946E-002
   13.6168204963299       0.341139999999919     
   2.22158093482381       -1.60414188443072     
  8.153751378799744E-003
  0.661476411958914     
  2.072101581589185E-002
   13.5414474450148       0.342573333333275     
   2.22587532419095       -1.60006049199819     
  7.419946898842952E-002
  0.717366594607228     
  8.565140112382830E-002
   13.4664764180920       0.344054999999953     
   2.22820158071679       -1.59505522239370     
  8.769652176397981E-002
  0.837379286292460     
  0.136681881692936     
   13.4517258718856       0.344455999999962     
   2.22850165389297       -1.59519131412895     
  7.212092856964701E-002
  0.786953867583654     
  0.109413661749695     
   13.4547276762913       0.344449999999968     
   2.22903080675011       -1.59403460550984     
  6.458824580670711E-002
  0.765424657406717     
  9.646478159628449E-002
   13.3827323273998       0.346154285714258     
   2.23023222979524       -1.59308835518323     
  6.980690824836287E-002
  0.765918374571959     
  9.622046755967691E-002
   13.3218792296942       0.347612499999976     
   2.23025774310389       -1.59487704363854     
  6.366290487681192E-002
  0.786723996353539     
  8.985852817027820E-002
   13.3239533804450       0.347446666666645     
   2.22994177791154       -1.59609195206523     
  5.858222500961503E-002
  0.782679999054924     
  8.623613173487273E-002
   13.3069983486866       0.347669999999981     
   2.22999819306623       -1.59618996220853     
  5.350836842041079E-002
  0.766320819425459     
  7.891581453283071E-002
   13.2983524455343       0.347839999999982     
   2.22990465335029       -1.59664685060480     
  4.947151382171404E-002
  0.745798431317717     
  7.245024697020844E-002
   13.3238598771771       0.347309999999984     
   2.22991916648120       -1.59611621210564     
  4.669029997797128E-002
  0.736181109217449     
  6.808363300227552E-002
   13.3357745684761       0.346986153846139     
   2.23036065411476       -1.59525995932257     
  4.672995147605737E-002
  0.741024784553433     
  6.965220426447748E-002
   13.3430286594552       0.346781428571415     
   2.23063366944593       -1.59445559469921     
  4.525700874054301E-002
  0.744538153866012     
  6.911787675735320E-002
   13.3667560043289       0.346245333333320     
   2.23071314805154       -1.59364283932327     
  4.364848947752936E-002
  0.748886301166880     
  6.811648932255944E-002
   13.3696208146503       0.346422499999988     
   2.23064761814734       -1.59367033757716     
  4.297609043285884E-002
  0.743527432489087     
  6.702668402442880E-002
   13.3651913042976       0.346585882352930     
   2.23048565262765       -1.59438603485840     
  4.265609900728992E-002
  0.752861395285980     
  6.838735375202357E-002
   13.3564037901481       0.346854444444434     
   2.23043536946662       -1.59476962764825     
  4.081642757513559E-002
  0.747460987218956     
  6.587151191328851E-002
   13.3387865001951       0.347332631578937     
   2.23039490744774       -1.59504616117974     
  3.986917274898053E-002
  0.743887188376805     
  6.437633548993529E-002
   13.3419841860093       0.347227999999990     
   2.23033843624739       -1.59571322705764     
  3.838973822371091E-002
  0.749419082064100     
  6.284211641857423E-002
   13.3404973999971       0.347253333333324     
   2.23010755809454       -1.59637686808422     
  3.851178895799629E-002
  0.751860331781004     
  6.411454828641955E-002
   13.3414063078184       0.347284545454537     
   2.22995248557005       -1.59640298350799     
  3.768271069324720E-002
  0.745076116536640     
  6.121423261903856E-002
   13.3586089876078       0.346961739130426     
   2.22986522697703       -1.59652041778500     
  3.686707559334234E-002
  0.740137080034683     
  5.885993128184733E-002
   13.3632026674411       0.346849166666659     
   2.22982169855493       -1.59641782733204     
  3.582121585387180E-002
  0.732226057712689     
  5.621451558347265E-002
   13.3677917054551       0.346807999999992     
   2.22989102696753       -1.59615370504810     
  3.501381752412096E-002
  0.730362237951065     
  5.463432017532578E-002
   13.3720207093228       0.346749999999993     
   2.22968698422110       -1.59656989324161     
  3.569893844538101E-002
  0.729594716836094     
  5.570146967349405E-002
   13.3718029554077       0.346699999999993     
   2.22947714395358       -1.59729742064225     
  3.630294739709469E-002
  0.745370269885264     
  5.988119833938233E-002
   13.3917191453641       0.346336428571422     
   2.22905811858464       -1.59803717475021     
  4.225498190934070E-002
  0.761363201236176     
  7.008257629262964E-002
   13.3984752273331       0.346222068965511     
   2.22862355214935       -1.59881633321512     
  4.873153936904848E-002
  0.783285958189722     
  8.202426506754500E-002
   13.3995214726150       0.346297333333327     
   2.22832817460686       -1.59926796872433     
  5.189858045970665E-002
  0.787625803459507     
  8.655132143507802E-002
   13.3974406978718       0.346359999999994     
   2.22832441342925       -1.59938309885399     
  5.038859762522214E-002
  0.782333295481262     
  8.413956341662655E-002
   13.3872867363694       0.346569999999994     
   2.22828418508389       -1.59973854443166     
  4.937131203256230E-002
  0.784068062053214     
  8.263246366022055E-002
   13.3925947341962       0.346445454545449     
   2.22823694420707       -1.59967564584121     
  4.825114048583067E-002
  0.777494231377574     
  8.041623062057042E-002
   13.3919382214456       0.346476470588230     
   2.22815400101863       -1.59986128431382     
  4.756321838388759E-002
  0.773733208193578     
  7.902787702026218E-002
   13.3847279997961       0.346666285714280     
   2.22816376834522       -1.59987933793857     
  4.700492020563538E-002
  0.767935652365021     
  7.721005878358930E-002
   13.3892667804902       0.346558888888883     
   2.22826115644122       -1.59955450442015     
  4.640851057784833E-002
  0.772825107186016     
  7.701293389084171E-002
   13.3890746385470       0.346549729729725     
   2.22835158774568       -1.59946854181968     
  4.573422235747178E-002
  0.766652488805716     
  7.535641944099770E-002
   13.3834591386896       0.346718421052626     
   2.22859357210568       -1.59905815809337     
  4.794585502314265E-002
  0.773117085611537     
  7.888681797427757E-002
   13.3831124624942       0.346724102564098     
   2.22862255038903       -1.59916131470939     
  4.699318452172278E-002
  0.770273576088158     
  7.683207410869737E-002
   13.3839703306709       0.346731999999995     
   2.22861617713482       -1.59932013792878     
  4.598775157380455E-002
  0.766272026644342     
  7.516605927091370E-002
   13.3884559834208       0.346643902439020     
   2.22853520886139       -1.59939135506383     
  4.539240578467994E-002
  0.762431584258368     
  7.405377624031832E-002
   13.3891690834863       0.346634761904757     
   2.22854615721219       -1.59926403871914     
  4.451305578259651E-002
  0.758933855925236     
  7.252826509005629E-002
   13.3987765829877       0.346412558139530     
   2.22855826502326       -1.59912299885164     
  4.357853930428195E-002
  0.755587302407682     
  7.103148107711164E-002
   13.3988712533861       0.346349090909086     
   2.22859567362363       -1.59905322109997     
  4.293035350954581E-002
  0.755190036025164     
  6.955538692224618E-002
   13.3928254672899       0.346503999999996     
   2.22852001852656       -1.59923396564557     
  4.264335066785292E-002
  0.754247721199672     
  6.951112625088114E-002
   13.3921175476893       0.346519130434778     
   2.22849863071753       -1.59926105021775     
  4.196148705176896E-002
  0.752321052363089     
  6.855012438809771E-002
   13.3965181051987       0.346405106382975     
   2.22851319279073       -1.59906507547506     
  4.130436627472787E-002
  0.755422735406630     
  6.808830919559729E-002
   13.3923396869079       0.346469166666663     
   2.22867525214410       -1.59867967193937     
  4.250333345378909E-002
  0.762800106610106     
  7.132114268417603E-002
   13.3916801930096       0.346437142857139     
   2.22879987031070       -1.59850000554302     
  4.332617229292749E-002
  0.762260317268420     
  7.220862277157518E-002
   13.3887700397946       0.346490399999996     
   2.22871375811914       -1.59865830720170     
  4.337152666750840E-002
  0.761441487256202     
  7.200718117819786E-002
   13.3932701538169       0.346416078431369     
   2.22861122446370       -1.59886400073973     
  4.386454019491114E-002
  0.761010948747437     
  7.255440510982342E-002
   13.3949177659454       0.346411923076919     
   2.22854369782588       -1.59892986936799     
  4.349315956500659E-002
  0.757985451003851     
  7.160956437810785E-002
   13.3972289486754       0.346344905660374     
   2.22844767955715       -1.59913454438755     
  4.347511516329519E-002
  0.757504242600104     
  7.177721691642724E-002
   13.4016931770687       0.346262962962959     
   2.22833953778095       -1.59922786885896     
  4.385054738750101E-002
  0.757093848076116     
  7.182864327917809E-002
   13.4019417855122       0.346228727272724     
   2.22832645819860       -1.59929828082060     
  4.429525546141899E-002
  0.755886858179705     
  7.213554498690609E-002
   13.3980232379998       0.346298928571425     
   2.22843967539400       -1.59909734789593     
  4.484944116446829E-002
  0.755213097513325     
  7.298475446715627E-002
   13.3977836494506       0.346296842105260     
   2.22844492155734       -1.59902298079570     
  4.475917146427477E-002
  0.752798035111028     
  7.269633553176817E-002
   13.3993489075699       0.346272758620686     
   2.22840313981149       -1.59897706974612     
  4.439175093038051E-002
  0.751397122992445     
  7.137148288759106E-002
   13.3965630546964       0.346357966101692     
   2.22836006012485       -1.59898654369826     
  4.398433683345551E-002
  0.749325197266698     
  7.068493365614319E-002
   -1.59901424813686       0.346316666666663     
   2.22827976621197       -1.59901424813686     
  4.417379581036023E-002
  0.749435083519039     
  7.043146081515061E-002
