 dia,pressure =    0.7500000000000        8.70941350401505     
   14.8820373963117       0.316860000000000     
   2.23328880410177       -1.14205272633745     
  1.578655759503730E-002
  0.341499417341878     
 -5.005566958831662E-003
   14.9041210511553       0.316150000000000     
   2.23261813227612       -1.14009589506173     
  1.075845808480625E-002
  0.374507188728010     
 -5.123555360226311E-003
   15.0161594331849       0.314226666666667     
   2.23203607947850       -1.13251472908093     
  1.008830653868912E-002
  0.582073415174444     
 -1.083661274083630E-002
   15.0692260271592       0.313285000000000     
   2.23210598098010       -1.13026139146091     
  1.803627705510670E-002
  0.591641954035180     
  1.420475831836339E-002
   15.1305574153856       0.312472000000000     
   2.23128354708767       -1.13158133744856     
  1.934495640967158E-002
  0.563333517525585     
  1.917052668333119E-002
   15.0724987886309       0.314246666666667     
   2.23230422518363       -1.13189381515775     
  2.855859248450509E-002
  0.555710233865812     
  2.470613879991766E-002
   15.0993987991779       0.313422857142857     
   2.23402281543036       -1.12846230893592     
  5.449529944322441E-002
  0.643382953608917     
  7.763602433665323E-002
   15.0836744645403       0.313677500000000     
   2.23570214569099       -1.12520465792181     
  7.932575575404370E-002
  0.727701771372944     
  0.127530059904457     
   15.0878500261762       0.313560000000000     
   2.23617414000376       -1.12250338934614     
  7.474996313192103E-002
  0.772807017544576     
  0.128600286244743     
   15.1284075572954       0.312562000000000     
   2.23650493102058       -1.12036266152263     
  6.985738169943558E-002
  0.804191549930438     
  0.127535146834678     
   15.1197161407025       0.312672727272727     
   2.23717251906964       -1.11773742985410     
  7.216688540262081E-002
  0.877304079022900     
  0.146322197639493     
   15.1383331592987       0.312233333333333     
   2.23735256907228       -1.11728802383402     
  6.759883832462407E-002
  0.843921510660791     
  0.135575788909117     
   15.1299567580137       0.312484615384615     
   2.23698532928557       -1.11818783950617     
  6.557015160326073E-002
  0.823883715976446     
  0.132055558393429     
   15.0959083017885       0.313214285714286     
   2.23630769023716       -1.12112671810700     
  7.061337518910731E-002
  0.961972677578769     
  0.162101491404030     
   15.0606886526860       0.313929333333333     
   2.23541453132790       -1.12379636076818     
  8.256234590408733E-002
   1.06885762032299     
  0.201063137116609     
   15.0313776144910       0.314511250000000     
   2.23485000377859       -1.12561390303498     
  8.567627964717615E-002
   1.09886696018580     
  0.211966952777543     
   15.0193915661992       0.314775294117647     
   2.23478804232165       -1.12638843016219     
  8.200988279392403E-002
   1.07145543959898     
  0.199829921807232     
   15.0219765712487       0.314740000000000     
   2.23455552869316       -1.12726051611797     
  7.959318126900573E-002
   1.05239193759052     
  0.194613652677160     
   15.0283243054787       0.314636842105263     
   2.23391350496391       -1.12862833549924     
  8.661468413662272E-002
   1.06646542254176     
  0.207436807579749     
   15.0212925548832       0.314803000000000     
   2.23371170651548       -1.12922351388889     
  8.544154220550679E-002
   1.04831367134198     
  0.203587674904487     
   15.0269500662860       0.314693333333333     
   2.23370397289290       -1.12912113119733     
  8.178356922626372E-002
   1.01732617968934     
  0.194306359291563     
   15.0308696539228       0.314587272727273     
   2.23378117426724       -1.12896649597830     
  7.849818452252445E-002
  0.992763639194252     
  0.186579090322106     
   15.0321832784753       0.314605217391304     
   2.23376142563772       -1.12931057344784     
  7.617063369009189E-002
  0.971471419166045     
  0.179811765999154     
   15.0187296466560       0.314925833333333     
   2.23385716077652       -1.12989229852538     
  7.507738328713856E-002
  0.967631234068153     
  0.173878992872478     
   15.0105552422071       0.315070400000000     
   2.23340577357382       -1.13130222469136     
  7.961103082628121E-002
   1.01232166083137     
  0.189647630476788     
   15.0086828714236       0.315143076923077     
   2.23301810131201       -1.13240936055714     
  8.232423869844407E-002
   1.03617737549217     
  0.198788784361048     
   15.0038174769943       0.315288148148148     
   2.23280159051157       -1.13330676916629     
  8.202717895012741E-002
   1.04385229791559     
  0.200400040900718     
   14.9860957630213       0.315696428571429     
   2.23266339026506       -1.13406351631393     
  8.022953521342761E-002
   1.04307602947950     
  0.197606215366287     
   14.9797935282585       0.315833103448276     
   2.23251379954409       -1.13458906272173     
  7.873101375194774E-002
   1.03224753355767     
  0.194361447039650     
   14.9683451004160       0.316080666666667     
   2.23244041859053       -1.13546045713306     
  7.677144084549899E-002
   1.04360065796375     
  0.190892961706426     
   14.9675885335771       0.316110967741935     
   2.23206747704656       -1.13647974445772     
  8.063379461673920E-002
   1.06743339607869     
  0.201550905767660     
   14.9560671588660       0.316350000000000     
   2.23189904882225       -1.13715984149949     
  8.008113785663463E-002
   1.06651170513738     
  0.200860360092770     
   14.9515033573945       0.316442424242424     
   2.23180298495989       -1.13738704576630     
  7.847002224002764E-002
   1.04713652020995     
  0.195895515349937     
   14.9644504107438       0.316178823529412     
   2.23157940663362       -1.13772944111595     
  7.897362366845047E-002
   1.03328048628250     
  0.194259929326283     
   14.9633457428292       0.316226857142857     
   2.23135640938784       -1.13820919459142     
  7.926722634992522E-002
   1.02517342727615     
  0.194093381479797     
   14.9664661813478       0.316165555555556     
   2.23120805185037       -1.13842926497485     
  7.834435139612814E-002
   1.01053775363475     
  0.190656738130174     
   14.9670242233548       0.316155135135135     
   2.23104551374466       -1.13900802608164     
  7.781341984045317E-002
   1.01130640293364     
  0.190560944136411     
   14.9589578349179       0.316341578947368     
   2.23113629649536       -1.13910168426467     
  7.735072190148962E-002
   1.00145951448397     
  0.187905849485286     
   14.9552517072287       0.316457435897436     
   2.23142255462461       -1.13894377413739     
  8.010414996234232E-002
  0.990291875938786     
  0.186028590870908     
   14.9459202363592       0.316628500000000     
   2.23180091684143       -1.13864549176955     
  8.704208295577714E-002
  0.980507351014129     
  0.188274560754512     
   14.9454380160526       0.316654146341463     
   2.23171322363045       -1.13896030939476     
  8.650051913286759E-002
  0.976180665320825     
  0.187398597804716     
   14.9329796698068       0.316946666666667     
   2.23180656188251       -1.13907364883402     
  8.637259900442161E-002
  0.964986543666472     
  0.184413091088550     
   14.9323507844306       0.316950697674419     
   2.23191940697637       -1.13889868193129     
  8.578476457842542E-002
  0.952920544029575     
  0.181466935441141     
   14.9349641697290       0.316890454545455     
   2.23204115019047       -1.13859096123270     
  8.501538607344256E-002
  0.947535228705677     
  0.180102266417795     
   14.9396403966903       0.316799555555556     
   2.23224710194382       -1.13813549016918     
  8.598030626835156E-002
  0.949704313018348     
  0.182360683184133     
   14.9396448848092       0.316790000000000     
   2.23227447454954       -1.13807250961711     
  8.502742234331304E-002
  0.940299177865864     
  0.179626846512704     
   14.9424943115223       0.316759148936170     
   2.23234641150201       -1.13787618969442     
  8.389147811675308E-002
  0.936981049194147     
  0.177974232814005     
   14.9422383564393       0.316739166666667     
   2.23255509200417       -1.13734652370542     
  8.538861192164965E-002
  0.949547598786161     
  0.182463520671354     
   14.9422212234097       0.316775918367347     
   2.23269809302698       -1.13686712627026     
  8.555300064405377E-002
  0.955212896968914     
  0.184010258703629     
   14.9500387219878       0.316620000000000     
   2.23292929584561       -1.13601775020576     
  8.787374679300683E-002
  0.997061883176349     
  0.194820910547947     
   14.9533572872533       0.316564705882353     
   2.23312430621531       -1.13540948680707     
  8.901623844466745E-002
   1.01273199773345     
  0.199779003731840     
   14.9547515987696       0.316566923076923     
   2.23332192675813       -1.13499304051915     
  9.047819435116113E-002
   1.01607772539400     
  0.201682089684545     
   14.9489855085771       0.316655849056604     
   2.23348517539964       -1.13463847775448     
  9.109101753901633E-002
   1.01622854354114     
  0.202978183523485     
   14.9468051122937       0.316694074074074     
   2.23351388738532       -1.13474350003810     
  8.960757045706398E-002
   1.00586304840196     
  0.199256735127255     
   14.9487271151018       0.316639636363636     
   2.23339285103627       -1.13501310063599     
  9.033724062645550E-002
   1.00223252197903     
  0.199682281441927     
   14.9507458219863       0.316588214285714     
   2.23345815509877       -1.13495434064521     
  8.937030632319681E-002
  0.991614504768072     
  0.196937986554612     
   14.9499574506347       0.316623859649123     
   2.23340806574600       -1.13507911233846     
  8.806109860595647E-002
  0.982276191987003     
  0.194039182596530     
   14.9521088586314       0.316607931034483     
   2.23333047574614       -1.13528092007237     
  8.716400066807109E-002
  0.975323977674816     
  0.192172274246429     
   14.9471028173495       0.316724067796610     
   2.23322029212897       -1.13554531997628     
  8.688548361609175E-002
  0.970907530860416     
  0.191297758553499     
   -1.13560779989712       0.316682333333333     
   2.23318612423613       -1.13560779989712     
  8.571937145979561E-002
  0.962228819355816     
  0.188446734916195     
