 dia,pressure =    1.0000000000000        8.36294419110455     
   13.3972840609355       0.344580000000000     
   2.22234726815003       -1.73134807956104     
  5.957775588296813E-003
  0.663805521089476     
  1.079076938372744E-002
   13.4038318321403       0.344770000000000     
   2.22043751878541       -1.73517220850480     
  1.191039531733151E-002
  0.679925348445523     
  2.138150235148614E-002
   13.2976273742086       0.346666666666667     
   2.22185563188735       -1.73108611339735     
  1.703115945761137E-002
  0.709227875564298     
  3.469792056487911E-002
   13.1605362596586       0.350015000000000     
   2.22359399801329       -1.72763930384088     
  2.744103818288678E-002
  0.746608767084220     
  5.269647843642163E-002
   13.1547318570996       0.350412000000000     
   2.22472421795049       -1.72382878189300     
  3.342528358761052E-002
  0.826595708429532     
  7.757176948235489E-002
   13.1496437597132       0.350606666666667     
   2.22603718731850       -1.72091895518976     
  4.164487828432859E-002
  0.858561437566789     
  9.335934501881679E-002
   13.1256744037234       0.350954285714286     
   2.22701118667813       -1.71849918479326     
  5.031647887055356E-002
  0.893397199866376     
  0.112966323512020     
   13.1342971425631       0.350612500000000     
   2.22916958325624       -1.71485406035665     
  9.296567388395018E-002
  0.999247443669352     
  0.181549546539767     
   13.0743666531444       0.351820000000000     
   2.23088600698409       -1.71150646395367     
  0.117967768366588     
   1.09136777638620     
  0.228942662415100     
   13.0884112264894       0.351510000000000     
   2.23176593515089       -1.70816349245542     
  0.117787214632265     
   1.20521906061310     
  0.246575721128445     
   13.0877740207350       0.351509090909091     
   2.23158998214282       -1.70742653946876     
  0.110235341079789     
   1.16469635421139     
  0.223839777029798     
   13.1090834628811       0.350860000000000     
   2.23094946979697       -1.70709588934614     
  0.108250805883271     
   1.12418030618354     
  0.201882995071865     
   13.1311354846147       0.350436923076923     
   2.23100972122524       -1.70663688403503     
  0.100688520159741     
   1.09451921851169     
  0.188269991463708     
   13.1399260378850       0.350444285714286     
   2.23041995164571       -1.70825286596120     
  0.101826185552181     
   1.11378813195917     
  0.195514717572881     
   13.1371799779048       0.350470666666667     
   2.22983975504758       -1.70978143392775     
  0.102172583193405     
   1.13021871798119     
  0.200644184135838     
   13.1412648072356       0.350536250000000     
   2.22905455838920       -1.71161759773663     
  0.110173053547628     
   1.17269127641962     
  0.220410981769326     
   13.1235840140176       0.350891764705882     
   2.22887787917730       -1.71200328249818     
  0.104736512681451     
   1.14704831104230     
  0.209350370862079     
   13.1095901661672       0.351250000000000     
   2.22873091757024       -1.71266274348422     
  0.100376353941510     
   1.13022754083430     
  0.201120949088958     
   13.1163718386961       0.351137894736842     
   2.22851629521478       -1.71375685076890     
  9.681709304538814E-002
   1.13932790378216     
  0.197878867640141     
   13.1252832665499       0.351053000000000     
   2.22809799007204       -1.71433374965706     
  9.785824570298930E-002
   1.12253358988960     
  0.195886469013230     
   13.1279893852341       0.351062857142857     
   2.22783815739849       -1.71492433797113     
  9.645673496308844E-002
   1.10849487178528     
  0.191679881583903     
   13.1259983228073       0.351130000000000     
   2.22779406874656       -1.71553908592094     
  9.267490784495823E-002
   1.09801492677933     
  0.184353378014812     
   13.1106259083699       0.351520000000000     
   2.22774605727263       -1.71587311683664     
  8.937355743999630E-002
   1.08505352491204     
  0.177863741194804     
   13.1005467790507       0.351829166666667     
   2.22774549343849       -1.71608188271605     
  8.594262159323454E-002
   1.06901262208260     
  0.170830625041304     
   13.1010677780720       0.351738400000000     
   2.22783676322740       -1.71597648559671     
  8.319496079150009E-002
   1.05245611667365     
  0.164961291010802     
   13.0899386434211       0.352002307692308     
   2.22786464289781       -1.71614142555661     
  8.074443610781096E-002
   1.03871913685940     
  0.159653843981646     
   13.0965156829303       0.351820740740741     
   2.22785336957287       -1.71626663415130     
  7.832401450493452E-002
   1.02448319134511     
  0.154192916858179     
   13.0952869194718       0.351858571428571     
   2.22799578415912       -1.71628284636488     
  7.684120635498207E-002
   1.01392811018302     
  0.148815290247465     
   13.0912075450815       0.351937931034483     
   2.22830383880357       -1.71601858284849     
  7.835756443870165E-002
   1.00289434841189     
  0.147125412246013     
   13.0909070687711       0.351992000000000     
   2.22842044496359       -1.71586193507087     
  7.670860580553202E-002
  0.991020114200678     
  0.143085878717814     
   -1.71577074870569       0.351907741935484     
   2.22840906630806       -1.71577074870569     
  7.459050911990989E-002
  0.981552972470439     
  0.139428824986898     
