 dia,pressure =    1.1500000000000        8.02277425969222     
   19.6215116233420       0.225659999999999     
   2.48304854079870       -1.55571858024691     
  1.346084814958162E-002
  0.491755047286075     
  5.759549813394848E-003
   19.7259416484891       0.223579999999999     
   2.47882331244618       -1.56768512688613     
  4.844060594366738E-002
  0.746716159522349     
  9.222347310635289E-002
   19.7604303624662       0.222839999999999     
   2.47657139785786       -1.57080119044352     
  5.832304362085007E-002
  0.710564996345819     
  9.281205985475252E-002
   19.6647457936328       0.224855000000000     
   2.47702074528659       -1.56916945113168     
  5.283122429999795E-002
  0.658533187146172     
  7.532962376640330E-002
   19.6078083895537       0.225656000000000     
   2.47722464604722       -1.56886328847732     
  4.456599963003634E-002
  0.662856260777690     
  5.807886438373413E-002
   19.6054214320202       0.225566666666666     
   2.47809705875482       -1.56515374394144     
  4.938257639571023E-002
  0.765009073079378     
  8.503428336968091E-002
   19.5914984810018       0.225871428571428     
   2.47848654151338       -1.56448806829312     
  4.841493291011276E-002
  0.740844087341138     
  8.502936193228094E-002
   19.6126423125026       0.225572500000000     
   2.47743858427181       -1.56741266443755     
  5.799747735711609E-002
  0.811850213412507     
  0.111615698442289     
   19.6156957332820       0.225626666666666     
   2.47569110276334       -1.57224060097545     
  8.892966533623972E-002
   1.05067313803278     
  0.198593412237529     
   19.6538987311753       0.224978000000000     
   2.47443923173994       -1.57768730157751     
  0.101600272485166     
   1.40304152896520     
  0.267142472132469     
   19.6372015506540       0.225289090909091     
   2.47397686395284       -1.57926242742239     
  9.935237866135209E-002
   1.36306477374038     
  0.259719205600079     
   19.6660623643470       0.224963333333333     
   2.47317322807127       -1.57966049045500     
  0.104225276635937     
   1.29615881048406     
  0.246276966883725     
   19.6798964948660       0.224787692307692     
   2.47289678281258       -1.57912702986178     
  0.100549382243219     
   1.26573987943037     
  0.232712479687665     
   19.6775790513695       0.224764285714286     
   2.47263355652710       -1.57956345728003     
  9.653978669231525E-002
   1.21619943425248     
  0.220402169855661     
   19.6720653891327       0.224933333333333     
   2.47235765182298       -1.58015190301784     
  9.285817659665691E-002
   1.18435866856214     
  0.209496902393761     
   19.6845783692119       0.224697500000000     
   2.47211734214476       -1.58065831001372     
  8.877738183990264E-002
   1.15603450773826     
  0.199879271929287     
   19.7058033592564       0.224340000000000     
   2.47234272335602       -1.57959137020898     
  8.524825617246871E-002
   1.14499571468280     
  0.193609152091119     
   19.7015217112567       0.224424444444444     
   2.47255952769796       -1.57809672927144     
  8.310989498202938E-002
   1.18283455370158     
  0.190909135701256     
   19.7033170538224       0.224313684210526     
   2.47261160339130       -1.57731437636274     
  7.957002049023272E-002
   1.17303590893436     
  0.183991669211891     
   19.7001608320100       0.224398000000000     
   2.47290759079247       -1.57671375085736     
  7.998343903969958E-002
   1.15957286518478     
  0.184072304727688     
   19.6884567873750       0.224590476190476     
   2.47296654305822       -1.57687754059703     
  7.718123723107641E-002
   1.12944862335238     
  0.175862316673658     
   19.6843293501007       0.224717272727273     
   2.47281381755648       -1.57748919166976     
  7.632345439475259E-002
   1.11894487842358     
  0.174246884475786     
   19.6598625616715       0.225153913043478     
   2.47265972933310       -1.57746678120712     
  7.628561215493086E-002
   1.11693706669792     
  0.173976509800454     
   19.6624722610195       0.225142500000000     
   2.47257307250956       -1.57700050877344     
  7.375610982347662E-002
   1.09877198293105     
  0.165865048640582     
   19.6706008920718       0.225048000000000     
   2.47236878127214       -1.57793044186557     
  7.304922130536314E-002
   1.11977795377982     
  0.168812304310271     
   19.6852360036119       0.224860000000000     
   2.47230854745490       -1.57811829347370     
  7.415184308487323E-002
   1.11918376072467     
  0.171880712534087     
   19.6908092604901       0.224785925925926     
   2.47235959862555       -1.57815679213028     
  7.184231652020999E-002
   1.10279563371991     
  0.166376809783705     
   19.6963734656317       0.224734285714286     
   2.47245616611473       -1.57751423018325     
  7.043831419603405E-002
   1.09897579164123     
  0.163150784857330     
   19.7099449578886       0.224563448275862     
   2.47230237614025       -1.57728159429548     
  6.966417763172680E-002
   1.08579894999075     
  0.157389856506610     
   19.7250937068911       0.224341333333333     
   2.47226736875636       -1.57705800180618     
  6.800650003198815E-002
   1.06744529125479     
  0.151832123221915     
   19.7131702010740       0.224544516129032     
   2.47238427732129       -1.57646258139747     
  6.703499830308765E-002
   1.06532317868834     
  0.150066588411164     
   19.7095004089260       0.224635625000000     
   2.47260448613638       -1.57592115940078     
  6.771556426999663E-002
   1.06315013649394     
  0.151649303603100     
   19.7141232747613       0.224603636363636     
   2.47260788603009       -1.57560313287201     
  6.586020864771144E-002
   1.05664295759767     
  0.147377139234910     
   19.7244315750869       0.224454117647059     
   2.47260991872912       -1.57560821812728     
  6.450756037651224E-002
   1.04146613198842     
  0.143824901447011     
   19.7309240931730       0.224377714285714     
   2.47254655028079       -1.57564707064485     
  6.321203205938897E-002
   1.02997327038050     
  0.140806285219785     
   19.7379352815588       0.224241111111111     
   2.47244464395143       -1.57590398635893     
  6.293586034848979E-002
   1.01826286508762     
  0.138875139509566     
   19.7276334380759       0.224391351351351     
   2.47272666695570       -1.57532037693263     
  6.591321019882486E-002
   1.03213900514330     
  0.144912661754637     
   19.7218750260535       0.224460526315789     
   2.47289085871514       -1.57481792653975     
  6.703896285513791E-002
   1.04117816707901     
  0.148448207657051     
   19.7211119089536       0.224493333333333     
   2.47306839271205       -1.57454709934590     
  6.759907968153228E-002
   1.03332275070508     
  0.147641886794592     
   19.7177946635316       0.224525000000000     
   2.47334491262496       -1.57419924509615     
  7.064890362761801E-002
   1.03147727779058     
  0.149815101577905     
   19.7222679326957       0.224468780487805     
   2.47332766433614       -1.57395545369546     
  6.958601999368687E-002
   1.02111479862042     
  0.146437080761317     
   19.7187709383764       0.224485714285714     
   2.47334755467549       -1.57368208204338     
  6.816311868160595E-002
   1.01377547664673     
  0.143159024047333     
   19.7227186836780       0.224414883720930     
   2.47336469392275       -1.57347646591392     
  6.682891879659988E-002
   1.00666231083823     
  0.140577595868674     
   19.7282286993303       0.224322727272727     
   2.47341021392096       -1.57339114501509     
  6.558516132677247E-002
  0.994544869702723     
  0.137788833371329     
   19.7260615754226       0.224334666666667     
   2.47336324154451       -1.57364046034152     
  6.463874602595801E-002
  0.990878628955870     
  0.136229125190520     
   19.7256060916903       0.224332173913043     
   2.47334453010944       -1.57399147359405     
  6.354057785399533E-002
  0.988729847153707     
  0.133983084475598     
   19.7292767611611       0.224278297872340     
   2.47325122257166       -1.57451521294115     
  6.289314494093953E-002
  0.999355017556330     
  0.134585204393223     
   19.7327782017748       0.224213333333333     
   2.47318591065326       -1.57431195193192     
  6.207956430669592E-002
  0.997249711603846     
  0.130580072153769     
   19.7317879703516       0.224224489795918     
   2.47328168788977       -1.57403367096392     
  6.173298753981973E-002
  0.992945002729203     
  0.129634344945025     
   19.7262909244987       0.224279200000000     
   2.47336513354591       -1.57371779278470     
  6.147591556474791E-002
  0.991418361756439     
  0.129367275270062     
   19.7260945647989       0.224292156862745     
   2.47315906690583       -1.57440581949494     
  6.354233227409575E-002
   1.01610075910889     
  0.137283437977000     
   19.7313225823249       0.224136923076923     
   2.47297135113264       -1.57492726341413     
  6.554226898965113E-002
   1.02934853991606     
  0.142914581944280     
   19.7262914628866       0.224199622641509     
   2.47286855062458       -1.57523346353242     
  6.546708687102556E-002
   1.02879319117827     
  0.143721783669151     
   19.7295870005600       0.224154444444444     
   2.47284375217761       -1.57520429464518     
  6.452403652043540E-002
   1.01955061920041     
  0.140799290311992     
   19.7233350202390       0.224228000000000     
   2.47283597066569       -1.57536961762071     
  6.375694000487955E-002
   1.01289769930801     
  0.138612705318034     
   19.7186504084372       0.224300000000000     
   2.47272775332581       -1.57567478118268     
  6.377756014461175E-002
   1.01253618042091     
  0.138658723301933     
   19.7223954623719       0.224244912280702     
   2.47272498104970       -1.57565423859896     
  6.305207300864783E-002
   1.00743630237300     
  0.136847023279193     
   19.7246329022399       0.224222413793103     
   2.47273916450126       -1.57550145864676     
  6.219052190449093E-002
   1.00352324670071     
  0.135311994869455     
   19.7336725403060       0.224064745762712     
   2.47264737313037       -1.57561870125087     
  6.251658607831298E-002
  0.997027474228134     
  0.133905299292078     
   -1.57569717110201       0.224034000000000     
   2.47249643756598       -1.57569717110201     
  6.373950626205432E-002
  0.991399014862420     
  0.133096435686193     
