 dia,pressure =    1.1000000000000        8.13763782732879     
   20.0518181921358       0.220599999999999     
   2.46995975656686       -1.47077798079561     
  8.742129164447672E-003
  0.631124908708813     
  6.835345248835895E-003
   20.0997099710699       0.219009999999999     
   2.46899929680100       -1.47505280864199     
  1.394676936430082E-002
  0.586711855172160     
  2.256813420467089E-002
   20.0346346031505       0.219273333333333     
   2.46771686783355       -1.48587362231367     
  2.860649065363677E-002
  0.894425763090656     
  7.412980352428769E-002
   20.0199800756790       0.219545000000000     
   2.46773374336472       -1.48595604561043     
  3.394804886364683E-002
  0.813958746424540     
  7.743431815106845E-002
   20.0424229574654       0.219524000000000     
   2.46776576360178       -1.48742413141289     
  2.833382851241057E-002
  0.776063443789455     
  6.100295319197958E-002
   20.0848387461474       0.218913333333333     
   2.46686175333429       -1.49127351577502     
  3.276861251545213E-002
  0.828524264271291     
  7.616209572567480E-002
   20.0972315128761       0.218814285714286     
   2.46605936690986       -1.49375863844796     
  3.600297202656380E-002
  0.859572549530053     
  8.790931418444113E-002
   20.0899104422194       0.219050000000000     
   2.46605263732104       -1.49322369581618     
  3.328511918369879E-002
  0.820466754876271     
  7.915807055312420E-002
   20.1001770665559       0.218924444444444     
   2.46633465078112       -1.49052540847432     
  3.288377592511301E-002
  0.885914530825452     
  8.496110585395708E-002
   20.0992424077679       0.218934000000000     
   2.46569866155368       -1.49127595871058     
  3.549291270903844E-002
  0.853539890787259     
  8.259432296288258E-002
   20.0913660142303       0.219167272727273     
   2.46565329459106       -1.49167807270232     
  3.420143274383412E-002
  0.821101974702947     
  7.516722687060613E-002
   20.0770893089820       0.219408333333333     
   2.46632143128197       -1.49082237871513     
  3.924152943521574E-002
  0.807517096262287     
  7.920770100353294E-002
   20.0626486260653       0.219658461538461     
   2.46663852600200       -1.48871848633533     
  3.854749285819108E-002
  0.858875400183623     
  8.414237936665743E-002
   20.0502660842487       0.219735714285714     
   2.46701691399904       -1.48838280609445     
  3.920198467896104E-002
  0.833016428591195     
  8.061062568893297E-002
   20.0382082163843       0.219868000000000     
   2.46771301060189       -1.48753542706904     
  4.737486582714425E-002
  0.828336370672612     
  8.813603316472338E-002
   20.0270737538064       0.219993750000000     
   2.46822042575989       -1.48712622719479     
  5.340697091144339E-002
  0.822586409410970     
  9.050746253412610E-002
   20.0330454561871       0.219967058823529     
   2.46778802180062       -1.48845965932382     
  5.561326639228519E-002
  0.846941656689191     
  9.967304801838109E-002
   20.0429589839645       0.219872222222222     
   2.46741267140485       -1.48955389521416     
  5.671912002337608E-002
  0.857560939393140     
  0.105443277927068     
   20.0457842583868       0.219813684210526     
   2.46744674556614       -1.48940075207567     
  5.466177140391944E-002
  0.843456760201532     
  0.101942107004627     
   20.0635448745020       0.219566000000000     
   2.46737729708663       -1.48965323840877     
  5.379761335157644E-002
  0.833381850059708     
  9.748689522850756E-002
   20.0900903719088       0.219198095238095     
   2.46735189263295       -1.48948038069105     
  5.187496520829257E-002
  0.822912555053161     
  9.482070394023734E-002
   20.0855226790650       0.219158181818182     
   2.46732836636664       -1.48936798148142     
  5.051026970342271E-002
  0.813180620826152     
  9.231611971738020E-002
   20.0811072851775       0.219216521739130     
   2.46713909710192       -1.48939858621098     
  5.058729410968690E-002
  0.799147084656852     
  9.001132273518109E-002
   20.0714340771150       0.219373333333333     
   2.46721290779826       -1.48926443707127     
  4.897175212001072E-002
  0.787133864866153     
  8.741900740370119E-002
   20.0642040822417       0.219534400000000     
   2.46741953113299       -1.48888028515768     
  4.903556132466827E-002
  0.782855697468674     
  8.757074414651919E-002
   20.0760273144656       0.219323076923077     
   2.46750680483255       -1.48868831613372     
  4.772902789189696E-002
  0.772844127305900     
  8.515926105122104E-002
   20.0815381385593       0.219234074074074     
   2.46773325678279       -1.48815986749979     
  4.865313491902847E-002
  0.773316978250179     
  8.696259508224895E-002
   20.0724656375468       0.219363571428571     
   2.46801097015232       -1.48750431986080     
  5.057909311560609E-002
  0.783070358098964     
  9.228052067353915E-002
   20.0710989349705       0.219414482758621     
   2.46807529373122       -1.48696484579719     
  4.925493858703533E-002
  0.793845620843747     
  9.094099887086260E-002
   20.0768980335080       0.219358666666667     
   2.46768230296486       -1.48815603479647     
  5.507763457677450E-002
  0.847673859055038     
  0.109742338033515     
   20.0673721506334       0.219552258064516     
   2.46739695855586       -1.48836720080528     
  5.796576986812433E-002
  0.851514569744953     
  0.111914609673167     
   20.0548231769805       0.219798750000000     
   2.46754370530719       -1.48813253197868     
  5.737126394416447E-002
  0.843029507416695     
  0.110215378770449     
   20.0538285303207       0.219784848484848     
   2.46777182362336       -1.48799150663004     
  5.873875153878261E-002
  0.834345197480744     
  0.107987679984321     
   20.0609092844717       0.219696470588235     
   2.46771318064593       -1.48776366900665     
  5.755876679617313E-002
  0.826344938847186     
  0.103861276334801     
   20.0569858424326       0.219705142857143     
   2.46768628805947       -1.48763939470895     
  5.654924460884761E-002
  0.818154952852298     
  0.100295980892061     
   20.0577567853369       0.219663333333333     
   2.46760259746631       -1.48812213145859     
  5.557890126126497E-002
  0.820261666592752     
  0.100042003972188     
   20.0439327557693       0.219870810810811     
   2.46773315303641       -1.48818464742519     
  5.551855155587482E-002
  0.816394774392707     
  9.783670673277443E-002
   20.0293838512335       0.220058421052632     
   2.46794916175403       -1.48802533434408     
  5.739001747839081E-002
  0.809683872336989     
  9.729812151283074E-002
   20.0284425196535       0.220086666666667     
   2.46833153551736       -1.48722303650944     
  6.482021235420134E-002
  0.841174783369089     
  0.113517677267854     
   20.0326505659915       0.219990000000000     
   2.46829869330139       -1.48689975847050     
  6.355858598011756E-002
  0.838226107112036     
  0.110288529823335     
   20.0317022805961       0.219997560975610     
   2.46843213560186       -1.48625545776041     
  6.332121963583351E-002
  0.856544345176545     
  0.112435528371642     
   20.0290540839028       0.220032380952381     
   2.46859101575027       -1.48558422006666     
  6.390435080745338E-002
  0.877724177662068     
  0.117321711058191     
   20.0272973699363       0.220052558139535     
   2.46858484648294       -1.48529032006255     
  6.267223263412346E-002
  0.874298468092265     
  0.114408388773123     
   20.0361479703653       0.219884545454545     
   2.46843451776546       -1.48505509019207     
  6.305834728028671E-002
  0.870073712312084     
  0.110549395360579     
   20.0343651896078       0.219912444444444     
   2.46849782345280       -1.48450532860847     
  6.344747348766472E-002
  0.891621520543479     
  0.114452417045920     
   20.0377743375400       0.219858695652174     
   2.46875116758950       -1.48369303736509     
  6.713371458929671E-002
  0.928158484021168     
  0.126426287698446     
   20.0361854013346       0.219898723404255     
   2.46884234500559       -1.48323406546422     
  6.663424958218149E-002
  0.934782246936404     
  0.126316384049257     
   20.0373470290780       0.219887500000000     
   2.46902450998887       -1.48263195324648     
  6.765163656763619E-002
  0.953042355621558     
  0.130949601442383     
   20.0357827609828       0.219917142857143     
   2.46920499294154       -1.48212909453825     
  6.889289172828729E-002
  0.963947128043963     
  0.135392984571401     
   20.0333815210666       0.219953600000000     
   2.46936512636440       -1.48208472658435     
  6.989744357734060E-002
  0.956666390218009     
  0.134301223016332     
   20.0340195257322       0.219952156862745     
   2.46939681811114       -1.48204595042901     
  6.896378010363204E-002
  0.951043309470759     
  0.132387762742829     
   20.0344921875044       0.219926153846154     
   2.46929091228448       -1.48213208109106     
  6.925646271505514E-002
  0.943314671104414     
  0.131033641120031     
   20.0336579704451       0.219950943396226     
   2.46919101831808       -1.48227791893782     
  6.892079329922979E-002
  0.937215304957762     
  0.130117067872926     
   20.0372556045129       0.219904814814815     
   2.46911004134366       -1.48214430292637     
  6.862983482523179E-002
  0.930336018216212     
  0.127503934325862     
   20.0328771219071       0.219988727272727     
   2.46915426429718       -1.48175187928667     
  6.764593647744388E-002
  0.937051354746484     
  0.126746283073793     
   20.0323674699983       0.219986785714286     
   2.46924483287029       -1.48135011921907     
  6.728243120449029E-002
  0.942916990699826     
  0.127569061653187     
   20.0219057651520       0.220143859649123     
   2.46931153150605       -1.48120624472358     
  6.721710151033310E-002
  0.942688799705305     
  0.127612642946207     
   20.0196673122110       0.220154137931034     
   2.46920569585940       -1.48136102975256     
  6.714207824672200E-002
  0.936394016660203     
  0.127014835190470     
   20.0202488035900       0.220142033898305     
   2.46907611139583       -1.48146481058329     
  6.776665502568945E-002
  0.933458435332558     
  0.126659100121190     
   -1.48165106207130      0.220132666666667     
   2.46899051151527       -1.48165106207130     
  6.763215044791847E-002
  0.931193156024781     
  0.126611852866369     
