 dia,pressure =    1.0000000000000       8.36294419110455     
   20.4128848109085       0.216120000000000     
   2.46849517462965       -1.28842242798354     
  3.841301676432700E-002
  0.737395338813132     
  0.122699497726713     
   20.7828543231371       0.209910000000000     
   2.46921489514052       -1.28786965706447     
  2.808925361769844E-002
  0.598616228476601     
  6.001148726433230E-002
   20.7439127881799       0.210520000000000     
   2.46711059795900       -1.29346312757202     
  3.709287739349899E-002
  0.629607623563734     
  7.430028899909265E-002
   20.6364500696121       0.211765000000000     
   2.46799454136006       -1.29296656721536     
  3.727274419629974E-002
  0.578434887506638     
  5.824842570070704E-002
   20.5430801748450       0.213048000000000     
   2.46828320951236       -1.29373308367627     
  3.511897963567526E-002
  0.568267150368447     
  5.396938699001735E-002
   20.5736231941237       0.212723333333333     
   2.46690513098812       -1.29569076588935     
  4.635481736578036E-002
  0.577375022177386     
  7.020815607629957E-002
   20.6323029481728       0.211811428571429     
   2.46533772700336       -1.30012685871056     
  6.496389780259998E-002
  0.728303377678495     
  0.124416868964182     
   20.6009610623637       0.212272500000000     
   2.46550637772507       -1.29932489368999     
  5.901764658763902E-002
  0.704170519661731     
  0.111865646751624     
   20.6576017760079       0.211440000000000     
   2.46560839597901       -1.29825518366103     
  5.385215943666437E-002
  0.684429925753363     
  0.101115168134413     
   20.6520015017893       0.211506000000000     
   2.46529499845464       -1.29722956241427     
  5.045377771499143E-002
  0.667745336122742     
  8.644998263955868E-002
   20.6495592931582       0.211547272727273     
   2.46536919567575       -1.29761975807457     
  4.803729781290753E-002
  0.655788717639411     
  7.953631910406631E-002
   20.6292690006596       0.211886666666667     
   2.46576585135111       -1.29808173068130     
  4.752833950518540E-002
  0.641564966158990     
  7.048464387730588E-002
   20.6198141498824       0.212063076923077     
   2.46612228922534       -1.29709606626570     
  4.771977778784777E-002
  0.650733870057458     
  7.240441565970573E-002
   20.6010134742825       0.212258571428571     
   2.46646599943492       -1.29734021849892     
  4.717551845806779E-002
  0.639018189311487     
  6.623422673205406E-002
   20.6130170326115       0.212030666666667     
   2.46610849538253       -1.29787587014175     
  4.986327070109188E-002
  0.638493549854486     
  6.922836895486825E-002
   20.6082308436149       0.212131250000000     
   2.46595807466945       -1.29696424982853     
  4.765422786592374E-002
  0.648466429217694     
  6.107339775263364E-002
   20.6060914810301       0.212204705882353     
   2.46620261987354       -1.29685664891471     
  4.711172708012521E-002
  0.644417756411154     
  5.823947254514266E-002
   20.6014143986364       0.212286666666667     
   2.46653817566967       -1.29660840192044     
  4.779760723113400E-002
  0.638174085923188     
  5.739804253174534E-002
   20.5748909547457       0.212722105263158     
   2.46674226040963       -1.29589574471157     
  4.699192169813544E-002
  0.639047120156122     
  5.849442774043840E-002
   20.5623394890769       0.212975000000000     
   2.46662163949653       -1.29574253703704     
  4.541947855901571E-002
  0.638899167984295     
  5.630740820848336E-002
   20.5708681042822       0.212823809523810     
   2.46657003105339       -1.29549632634398     
  4.411212666105831E-002
  0.634424840224030     
  5.489559634549120E-002
   20.6012535346033       0.212348181818182     
   2.46624051998474       -1.29620634742487     
  4.584288894644694E-002
  0.638560139017744     
  5.954064016113585E-002
   20.6026951423603       0.212347826086957     
   2.46631926167091       -1.29555635713008     
  4.764516271947179E-002
  0.642653019304818     
  6.060986091657906E-002
   20.6044544303798       0.212258333333333     
   2.46639984095817       -1.29478040123457     
  4.674236366425644E-002
  0.654382306677436     
  5.910409033671981E-002
   20.5912494533618       0.212435200000000     
   2.46634526785013       -1.29459470617284     
  4.524573592778259E-002
  0.648571824891919     
  5.710104352655606E-002
   20.6064593365122       0.212230000000000     
   2.46611358203487       -1.29453911311596     
  4.802793846689216E-002
  0.642971664630081     
  5.763032170299640E-002
   20.6207645907794       0.211969629629630     
   2.46575752345895       -1.29472929380684     
  5.148632371151725E-002
  0.637105163821404     
  5.859185389596987E-002
   20.6280330808816       0.211888571428571     
   2.46556873412789       -1.29513045659416     
  5.184012568020485E-002
  0.634078147727230     
  5.964078576729528E-002
   20.6245399100968       0.211937931034483     
   2.46543671475704       -1.29516436970815     
  5.115721780367308E-002
  0.631785623680683     
  5.915264724055153E-002
   20.6286529822601       0.211872666666667     
   2.46532049968109       -1.29508544993141     
  5.048147591778852E-002
  0.627656696439658     
  5.746041967003172E-002
   20.6282461379879       0.211876129032258     
   2.46499639345892       -1.29578523916987     
  5.376803035501630E-002
  0.640102661669890     
  6.512248187834638E-002
   20.6309631527995       0.211869375000000     
   2.46475042669860       -1.29628397976680     
  5.542514581790268E-002
  0.643590023167194     
  6.908146577560362E-002
   20.6354718409106       0.211855757575758     
   2.46450891938708       -1.29648106497069     
  5.790341016038005E-002
  0.637430504830592     
  7.014257884026090E-002
   -1.29679357137093       0.211981764705882     
   2.46417127037147       -1.29679357137093     
  6.210575641397340E-002
  0.636836072298748     
  7.292361964667553E-002
