 dia,pressure =    0.9500000000000        8.42500803898062     
   20.6620579189457       0.211900000000000     
   2.46838523561511       -1.19278134842250     
  2.938438701700158E-002
  0.502362669142160     
  3.795289943700301E-002
   20.7602140664919       0.210640000000000     
   2.46644996176950       -1.19764255315500     
  3.168711032008110E-002
  0.502094209544866     
  5.201902355806327E-002
   20.8794449255758       0.209040000000000     
   2.46606604482173       -1.19910689323273     
  3.275812772295562E-002
  0.547554690351222     
  6.624197102864583E-002
   20.8466305731640       0.209340000000000     
   2.46930265763133       -1.19232255315502     
  7.781072431186467E-002
  0.715859352913781     
  0.152646204459736     
   20.8768089365872       0.208880000000000     
   2.46861286492140       -1.19664149163239     
  6.623135285071302E-002
  0.769309332784628     
  0.138196914643213     
   20.8473115056028       0.209263333333333     
   2.46839432772544       -1.19586309499315     
  5.706397204983095E-002
  0.716965860259861     
  0.115754105790029     
   20.8266666101908       0.209631428571429     
   2.46749696246178       -1.19616240270429     
  5.767817873972760E-002
  0.679182875675656     
  0.102045405114122     
   20.7787543548898       0.210455000000000     
   2.46710854333509       -1.19693325565843     
  5.569244560814975E-002
  0.643193403977852     
  9.446560155462989E-002
   20.7568034803482       0.210855555555556     
   2.46734013427303       -1.19656338660267     
  5.183140713266711E-002
  0.615789318357279     
  8.772659174775663E-002
   20.7848816845721       0.210342000000000     
   2.46682554185888       -1.19763661598081     
  5.114954288803623E-002
  0.610024960958162     
  8.704436527121376E-002
   20.7761150448740       0.210438181818182     
   2.46678063963763       -1.19798067508418     
  4.782685778513857E-002
  0.593198296033352     
  7.821540097212966E-002
   20.7742211891386       0.210475000000000     
   2.46583998659577       -1.20051648885459     
  6.288813011380952E-002
  0.701517972380717     
  0.119328290244801     
   20.7671415879496       0.210555384615385     
   2.46514969652180       -1.20244252965076     
  6.783246633626101E-002
  0.745439492533653     
  0.134890935722465     
   20.7731127265191       0.210382857142857     
   2.46496089874382       -1.20223591206155     
  6.402176801774481E-002
  0.722416945783273     
  0.124950679205630     
   20.7715462722681       0.210385333333333     
   2.46485057783402       -1.20147457818931     
  6.060414995604663E-002
  0.712177949302494     
  0.116111217684578     
   20.7714273345817       0.210415000000000     
   2.46452184330051       -1.20085473739712     
  5.982477731864761E-002
  0.699280558519042     
  0.105376415773661     
   20.8157366683431       0.209812941176471     
   2.46427626183035       -1.20049717283950     
  5.993450112482443E-002
  0.688633240153821     
  0.100502410938414     
   20.8121919697290       0.209874444444444     
   2.46450092891963       -1.20050829888734     
  5.957817621861261E-002
  0.678037551056660     
  9.835712954255615E-002
   20.7992586962960       0.210066315789474     
   2.46393965437878       -1.20153237791492     
  6.638926036645681E-002
  0.693021436865136     
  0.108348829893966     
   20.7959119410055       0.210109000000000     
   2.46371050344146       -1.20176667386830     
  6.607385335007199E-002
  0.680475566935418     
  0.106900031170964     
   20.7917367325820       0.210200000000000     
   2.46387548798170       -1.20117051054933     
  6.569610972248723E-002
  0.685545429616747     
  0.108117647552859     
   20.7914567476399       0.210193636363636     
   2.46429661464202       -1.20001304009227     
  6.916470728707289E-002
  0.713110595681565     
  0.119231102747186     
   20.7899382622684       0.210233913043478     
   2.46446149084664       -1.19927660783084     
  6.822239176404696E-002
  0.713305995165305     
  0.119038449991986     
   20.7848787682107       0.210306666666667     
   2.46482621170763       -1.19821679383857     
  7.021445523697080E-002
  0.741220337360464     
  0.127645380985520     
   20.7771916695146       0.210397600000000     
   2.46504956932457       -1.19768677102878     
  6.987621520987018E-002
  0.736589068200679     
  0.127330164858753     
   20.7884814315516       0.210200769230769     
   2.46536145852244       -1.19726893059509     
  7.175841837589959E-002
  0.727341360919080     
  0.127220903354833     
   20.7982376669460       0.210059259259259     
   2.46547137448230       -1.19691076332366     
  7.018865939275717E-002
  0.723605074438130     
  0.124696176824048     
   20.7900109025470       0.210200000000000     
   2.46562340433468       -1.19666861000877     
  7.060348451014899E-002
  0.718727864753340     
  0.124682252234344     
   20.7929774793015       0.210164827586207     
   2.46579910184629       -1.19588719774367     
  7.192171725542865E-002
  0.741299175979271     
  0.130752585313527     
   20.7794092236800       0.210362666666667     
   2.46604522189465       -1.19558222946954     
  7.319628405646614E-002
  0.735197438225112     
  0.131079325986118     
   20.7922076333209       0.210168387096774     
   2.46609200759037       -1.19522367571567     
  7.137353869029850E-002
  0.734420634276937     
  0.128204595393117     
   -1.19509863698122       0.210289375000000     
   2.46604227711588       -1.19509863698122     
  6.964890529057943E-002
  0.722629394364672     
  0.124169163417319     
