 dia,pressure =    0.9000000000000        8.50019376967283     
   21.1431775106642       0.205799999999988     
   2.45722128363835       -1.11941711111111     
  3.912390800210837E-002
  0.352387755183025     
  2.040287454905988E-002
   21.1519877677171       0.205329999999993     
   2.45815101977843       -1.11401535802469     
  2.719947207841731E-002
  0.424621224569461     
  1.839755321696298E-002
   21.1723399444465       0.204926666666662     
   2.45820288263769       -1.10992702469135     
  2.164074197789687E-002
  0.432133806706821     
  1.676416267189197E-002
   21.1326522262204       0.205459999999996     
   2.46021734771442       -1.10635235185184     
  4.306330360390440E-002
  0.468133344210873     
  3.712087185832208E-002
   21.1274249257043       0.205491999999997     
   2.46193741179473       -1.10865226913579     
  5.543296436162151E-002
  0.482393234423956     
  9.627795238688485E-003
   21.0843745155755       0.206053333333331     
   2.46324549700215       -1.10991103497942     
  6.029866237591936E-002
  0.473683467312411     
 -1.293546980939393E-003
   21.0410548665685       0.206734285714284     
   2.46388993714885       -1.10938031746033     
  6.245019358157376E-002
  0.475531169353883     
  1.086508631516923E-002
   21.0419364838649       0.206697499999998     
   2.46447996875470       -1.10837520987654     
  6.126234347999750E-002
  0.496672043179843     
  2.478249820997032E-002
   21.0706864743340       0.206426666666665     
   2.46446548823577       -1.10877666803841     
  5.587228810713615E-002
  0.483651305546611     
  2.251240236384388E-002
   21.0796484589733       0.206427999999999     
   2.46496438918624       -1.10876041481483     
  5.710203046252534E-002
  0.465680711678151     
  2.081435222224901E-002
   21.0642518492942       0.206649090909090     
   2.46530096232119       -1.10903712121214     
  5.451954717508968E-002
  0.453851069636714     
  1.812570117041363E-002
   21.0436208288875       0.206951666666665     
   2.46571874786172       -1.10888270576135     
  5.451825209375884E-002
  0.448384547928369     
  1.873023550025720E-002
   21.0297335838651       0.207227692307691     
   2.46594019016762       -1.10906300569803     
  5.192101637440617E-002
  0.441644722221174     
  1.703002198940115E-002
   21.0416560517624       0.207119999999999     
   2.46623207270015       -1.10858390035277     
  5.063699519156960E-002
  0.439800240455543     
  1.834687504066618E-002
   21.0286571152766       0.207373333333332     
   2.46665029253162       -1.10813833333336     
  5.139020039215786E-002
  0.436833952087909     
  2.042768150398663E-002
   21.0376851415178       0.207233749999999     
   2.46650317965255       -1.10817380169756     
  5.187232739487548E-002
  0.443462185010401     
  2.506792852875300E-002
   21.0536620295503       0.207003529411764     
   2.46646021007949       -1.10771817429196     
  5.012439189297345E-002
  0.445410296683735     
  2.547032684308934E-002
   21.0583745689427       0.206974444444444     
   2.46653305553049       -1.10703907544584     
  4.818427981233891E-002
  0.453201997883373     
  2.586969415851599E-002
   21.0368149344944       0.207315789473683     
   2.46638901675164       -1.10748235412607     
  4.788079908288841E-002
  0.456133864778164     
  2.843677786760093E-002
   21.0332489031287       0.207403999999999     
   2.46594046869184       -1.10882106111112     
  5.173252420231638E-002
  0.507293053358456     
  4.550688699671532E-002
   21.0340471836443       0.207352380952380     
   2.46554015354018       -1.10987640681952     
  5.469002973656227E-002
  0.556300274135713     
  5.799727271335488E-002
   21.0533891252229       0.207064545454545     
   2.46509188821030       -1.11058381593715     
  5.974636623566901E-002
  0.561355396259809     
  6.446853309449627E-002
   21.0457198385775       0.207192173913043     
   2.46508681077963       -1.11052819484703     
  5.781894082916371E-002
  0.554431716087804     
  6.237462234923883E-002
   21.0519999041321       0.207064166666666     
   2.46497802489676       -1.11092963168724     
  5.639736292390625E-002
  0.549283303338293     
  6.188976026105074E-002
   21.0437463855508       0.207159999999999     
   2.46515705269108       -1.11062021876544     
  5.566986070100131E-002
  0.547483195371246     
  6.193048215717163E-002
   21.0434941508589       0.207144615384615     
   2.46521850455481       -1.11067987464389     
  5.400231552906896E-002
  0.547233439233302     
  6.089038420887000E-002
   21.0477283419670       0.207023703703703     
   2.46532891580750       -1.11114197622316     
  5.404446106301863E-002
  0.549292606890230     
  5.826286493609253E-002
   21.0512452842778       0.206968571428571     
   2.46516772841959       -1.11173992460320     
  5.387660069071747E-002
  0.556411875600943     
  6.064978820764899E-002
   21.0530322351629       0.206947586206896     
   2.46497875551049       -1.11177513111967     
  5.381004689504049E-002
  0.553569044754617     
  5.939792690253462E-002
   21.0404950048485       0.207143999999999     
   2.46500558141960       -1.11160648806589     
  5.298459901128204E-002
  0.550919209861175     
  5.926430595386088E-002
   21.0413190303720       0.207146451612903     
   2.46491623086266       -1.11190355754685     
  5.246377805572396E-002
  0.551043186444388     
  6.002470477814283E-002
   21.0432659591193       0.207075625000000     
   2.46504816096042       -1.11224137808647     
  5.288606473667590E-002
  0.549190016548994     
  5.602945723252368E-002
   21.0412177216704       0.207062424242424     
   2.46518147812910       -1.11200181556307     
  5.344079208492578E-002
  0.550158131946535     
  5.793352362276962E-002
   21.0353463043497       0.207142941176470     
   2.46525374561158       -1.11171733333337     
  5.309367985994809E-002
  0.548067494034601     
  5.761261986353182E-002
   21.0330458996385       0.207163428571428     
   2.46534900869369       -1.11134212733688     
  5.236685407234276E-002
  0.551068567413459     
  5.747388490532529E-002
   21.0435760082006       0.207004444444444     
   2.46547523821952       -1.11056640569277     
  5.214272480488682E-002
  0.576870082360175     
  6.177330000205403E-002
   21.0388133506349       0.207067027027027     
   2.46578734770062       -1.11008235568904     
  5.630768146825793E-002
  0.586380470893186     
  6.926845439189189E-002
   21.0409427998163       0.207008947368421     
   2.46601880692597       -1.10966035120208     
  5.813394851001447E-002
  0.589500182376605     
  7.293938989485189E-002
   21.0336547135776       0.207126666666666     
   2.46632432225292       -1.10927068376069     
  6.199671162882581E-002
  0.592915735654316     
  7.749945382845748E-002
   21.0249774037391       0.207250500000000     
   2.46634983101201       -1.10918213148150     
  6.086938118304040E-002
  0.588764977916393     
  7.634787152911736E-002
   21.0233824414660       0.207257560975609     
   2.46630205086059       -1.10909210388437     
  6.063418320938433E-002
  0.584320020762595     
  7.489703256998810E-002
   21.0113269496578       0.207411904761904     
   2.46611009744439       -1.10929941358024     
  6.198633208089036E-002
  0.584279413009254     
  7.633868370742393E-002
   21.0001176926818       0.207580465116279     
   2.46586059477013       -1.10938430318691     
  6.513511626859833E-002
  0.581524854498457     
  7.651570576679985E-002
   21.0010986033047       0.207553181818181     
   2.46571579800439       -1.10937175505049     
  6.517432066286175E-002
  0.579632117623139     
  7.507115779467124E-002
   21.0035594306871       0.207524444444444     
   2.46558997620952       -1.10963216159122     
  6.497444188802290E-002
  0.579889237710475     
  7.586483166807174E-002
   21.0037001205875       0.207506521739130     
   2.46565108392031       -1.10954187385936     
  6.392532030174147E-002
  0.576690689256589     
  7.459561142469209E-002
   21.0057976034455       0.207479148936170     
   2.46563999459947       -1.10953695902284     
  6.284983096253356E-002
  0.571955299729913     
  7.353796962957034E-002
   21.0077792494960       0.207458333333333     
   2.46559784037093       -1.10957805375513     
  6.185399193383129E-002
  0.568199774389320     
  7.242790281026287E-002
   21.0067041986293       0.207497142857143     
   2.46551918844499       -1.10987582060972     
  6.147582675055670E-002
  0.569714198870117     
  7.308315976924462E-002
   21.0099942357060       0.207443600000000     
   2.46549644793967       -1.10998014913580     
  6.049138353179389E-002
  0.568478857620590     
  7.203856989936984E-002
   21.0092888286157       0.207455294117647     
   2.46546150272624       -1.10992570539821     
  5.987234457315486E-002
  0.570207666814268     
  7.205246180271876E-002
   21.0105359123098       0.207461153846154     
   2.46534853601596       -1.11024962179487     
  5.991661981315401E-002
  0.575937475402940     
  7.394746319728850E-002
   21.0100481044159       0.207463396226415     
   2.46521082320764       -1.11057370882833     
  6.046970764402458E-002
  0.580620550962525     
  7.623751309160422E-002
   21.0091695439757       0.207465555555555     
   2.46525335883520       -1.11045372405120     
  5.990434942871781E-002
  0.576886456313164     
  7.543698961945269E-002
   21.0076457702598       0.207485454545454     
   2.46517716645940       -1.11049833512903     
  5.945791815636253E-002
  0.572514172793214     
  7.460761980774178E-002
   21.0056158310762       0.207514285714285     
   2.46521126269733       -1.11041923059959     
  5.869236058684574E-002
  0.570173073110946     
  7.385569742599329E-002
   21.0033855653056       0.207544912280702     
   2.46528379620196       -1.11031609075152     
  5.830146807318729E-002
  0.567780733308135     
  7.304893709774640E-002
   21.0039913263842       0.207537931034483     
   2.46530794427236       -1.11013363686670     
  5.762824709226973E-002
  0.567687152053864     
  7.259894301948819E-002
   20.9987365094694       0.207633898305084     
   2.46540378319812       -1.10999551140402     
  5.760105598375549E-002
  0.565561410266745     
  7.265917665321080E-002
   -1.10966718436208       0.207638000000000     
   2.46548446953320       -1.10966718436208     
  5.731274678265811E-002
  0.570613660034244     
  7.389781771101252E-002
