 dia,pressure =    0.8000000000000        8.65630797437469     
   21.3029764669903       0.204000000000000     
   2.47081574749202      -0.925219127572019     
  7.389556543725262E-003
  0.259300387501832     
  7.847640730827761E-003
   21.2511094031790       0.204570000000000     
   2.47063741781418      -0.929828104252397     
  3.045385459946425E-002
  0.317225103387264     
  2.625463307824154E-002
   21.2503701773455       0.205020000000000     
   2.46842931833710      -0.934843489711938     
  3.622895265087506E-002
  0.401318542602113     
  5.370375934197905E-002
   21.2336308307649       0.205165000000000     
   2.46691695766917      -0.935101050754454     
  4.056503232031938E-002
  0.382364488171033     
  4.511119548195838E-002
   21.3022739830952       0.204008000000000     
   2.46726733248766      -0.934745073251039     
  3.489756224030534E-002
  0.380345404294060     
  4.152997510569380E-002
   21.2742366939299       0.204520000000000     
   2.46756266024607      -0.936124651120280     
  3.080324930571970E-002
  0.375901119012209     
  3.210520209809117E-002
   21.3155593301187       0.203925714285714     
   2.46691609056301      -0.937366535763282     
  3.249979826183517E-002
  0.394289427329895     
  3.902970859857254E-002
   21.2548966443763       0.204787500000000     
   2.46688171366736      -0.938318759945151     
  3.121253123969371E-002
  0.396431086584287     
  3.800937395553693E-002
   21.2669515370679       0.204560000000000     
   2.46631374487512      -0.940261367474500     
  3.314894170401968E-002
  0.440371776338052     
  5.109999880701897E-002
   21.2418000918891       0.204894000000000     
   2.46651996076963      -0.939701083127605     
  3.404647061302338E-002
  0.429375064000519     
  4.915229190578382E-002
   21.2221612590141       0.205158181818182     
   2.46669554012617      -0.940139732136199     
  3.259658933053781E-002
  0.419246004942922     
  4.280447643694370E-002
   21.2420731735563       0.204905000000000     
   2.46736196151220      -0.938249460448129     
  4.004723600665074E-002
  0.501184535246350     
  6.996871333871849E-002
   21.2555078585894       0.204761538461538     
   2.46826751737152      -0.936327066371248     
  5.252666932892243E-002
  0.561631272625036     
  9.642069241135610E-002
   21.2543283733482       0.204828571428571     
   2.46864427549505      -0.934795233392160     
  5.569577386375358E-002
  0.589940571230491     
  0.106168999216243     
   21.2873411025815       0.204360000000000     
   2.46923457440724      -0.933551234750827     
  6.006777607446181E-002
  0.606229925896578     
  0.115298390403521     
   21.3016494340527       0.204158750000000     
   2.46899525534476      -0.933955735939676     
  6.003736854825981E-002
  0.594616928059909     
  0.113714158726654     
   21.3212789424789       0.203890588235294     
   2.46853286429705      -0.934772549019620     
  6.227341837496260E-002
  0.600244114246342     
  0.115337866292101     
   21.3316034095201       0.203740000000000     
   2.46814712761962      -0.934573652796844     
  6.465081083083675E-002
  0.599022860148224     
  0.112682043988031     
   21.3470196906971       0.203536842105263     
   2.46846178653556      -0.933056898707684     
  6.609820078455413E-002
  0.644654952806474     
  0.122520917304594     
   21.3728547786840       0.203165000000000     
   2.46846764212693      -0.932846117969818     
  6.380654511582336E-002
  0.641359817707433     
  0.117877888369127     
   21.3962521032463       0.202815238095238     
   2.46802754551238      -0.933490845385079     
  6.699022852185862E-002
  0.634908350693977     
  0.121010873933812     
   21.3875063579931       0.202946363636364     
   2.46786381580545      -0.934103238807833     
  6.577199361375206E-002
  0.631240629314462     
  0.119471466018329     
   21.3837426187255       0.202961739130435     
   2.46777835889622      -0.934279167412180     
  6.426335509677400E-002
  0.623331686625556     
  0.115942779321803     
   21.3819553916030       0.202979166666667     
   2.46777236309537      -0.934429572016462     
  6.190768825030784E-002
  0.610504237947882     
  0.111269275827220     
   21.3696289428145       0.203134400000000     
   2.46769951568775      -0.934724966803837     
  6.076966210259495E-002
  0.609712224606034     
  0.110595601229745     
   21.3732907228615       0.203080000000000     
   2.46754094612901      -0.935399301044629     
  6.004626556607512E-002
  0.614009156796170     
  0.110857259651966     
   21.3673201387897       0.203188148148148     
   2.46755031438067      -0.935502886755066     
  5.856176030238264E-002
  0.603063239584567     
  0.107347114357786     
   21.3562061285793       0.203367857142857     
   2.46776437022964      -0.935532475798551     
  5.894000322107016E-002
  0.592332289416684     
  0.103025640194800     
   21.3799180013025       0.203035172413793     
   2.46788380937970      -0.935532119010458     
  5.776456562196644E-002
  0.581204304271678     
  9.953304522129688E-002
   21.3802442672019       0.202972666666667     
   2.46798284154144      -0.935581007773200     
  5.643136542295559E-002
  0.573473521179790     
  9.648993002597021E-002
   21.3788046692369       0.202996129032258     
   2.46807932622379      -0.935730520819505     
  5.542069460317717E-002
  0.565706733519988     
  9.311102837056880E-002
   21.3930654394919       0.202778750000000     
   2.46831789133109      -0.935513974622787     
  5.654203515009257E-002
  0.562149330613360     
  9.280356126531487E-002
   21.3993808080409       0.202683030303030     
   2.46858538670490      -0.935344886561112     
  5.842407235418368E-002
  0.556600939833453     
  9.259652105708578E-002
   21.4024897208592       0.202640000000000     
   2.46857032440081      -0.935406271282202     
  5.709949837274471E-002
  0.548991257236026     
  9.030833440067287E-002
   21.4004944883493       0.202675428571429     
   2.46830653382938      -0.935327410542821     
  5.978018344751723E-002
  0.543269026485388     
  8.672382884340399E-002
   21.4107250698465       0.202532777777778     
   2.46821330780037      -0.934946091754306     
  5.984938242926233E-002
  0.542961833699139     
  8.278126082539103E-002
   21.4015434749782       0.202677837837838     
   2.46827182055488      -0.934506229785333     
  5.969397327894618E-002
  0.545862553876586     
  8.140937363651267E-002
   21.4032723343813       0.202636315789474     
   2.46827721432218      -0.934475408562547     
  5.998077981087119E-002
  0.543519321649268     
  8.225657959883310E-002
   21.4091700911382       0.202562051282051     
   2.46845445698316      -0.933836922514147     
  6.070549291685039E-002
  0.567434284300288     
  8.833592967403538E-002
   21.4037302020719       0.202655000000000     
   2.46863896947157      -0.933454126474600     
  6.172784944467338E-002
  0.578654971778577     
  9.225954588705094E-002
   21.3971555939671       0.202755609756098     
   2.46876269272682      -0.933252312757170     
  6.127326046110262E-002
  0.574688708619023     
  9.121815711099816E-002
   21.3941912620088       0.202807142857143     
   2.46878321344418      -0.933129767587664     
  6.005839486600031E-002
  0.569518281080292     
  8.940893774699522E-002
   21.3963583927161       0.202770697674419     
   2.46883771311489      -0.933365365999909     
  5.913409288711999E-002
  0.566368611667603     
  8.656195350133186E-002
   21.3946111963612       0.202801818181818     
   2.46877713419994      -0.933694799600919     
  5.835829217840287E-002
  0.566298472243284     
  8.608087887032458E-002
   21.4040285289068       0.202666666666667     
   2.46863206878804      -0.934008851333604     
  5.857553481110288E-002
  0.566761551443066     
  8.753382640734547E-002
   21.4040860726577       0.202672608695652     
   2.46850342611584      -0.934109980318448     
  5.854044741323659E-002
  0.560845803571463     
  8.653890344792319E-002
   21.4110401803329       0.202579574468085     
   2.46839164691042      -0.934165469456809     
  5.848702799212008E-002
  0.554619207260753     
  8.506722350367014E-002
   21.4185541505888       0.202472083333333     
   2.46825390155682      -0.934286064243206     
  6.014774953984797E-002
  0.557225704134349     
  8.768993428297002E-002
   21.4165696958105       0.202490612244898     
   2.46820344383510      -0.934257721116381     
  5.924042632524818E-002
  0.550969385934179     
  8.590604018600752E-002
   21.4192323348978       0.202458400000000     
   2.46821692163026      -0.934264828751674     
  5.828803093447280E-002
  0.549574602365114     
  8.487277490462104E-002
   21.4217005820038       0.202425098039216     
   2.46807503575086      -0.934566693025590     
  5.891253049926135E-002
  0.551579369238127     
  8.680222091362479E-002
   21.4189505312531       0.202459230769231     
   2.46800209115187      -0.934751530020013     
  5.867610730752042E-002
  0.549256873391479     
  8.664737201126740E-002
   21.4223737214836       0.202401509433962     
   2.46786460501389      -0.934883128814316     
  5.946795739085299E-002
  0.552544447598820     
  8.790384949882074E-002
   21.4259938993590       0.202348148148148     
   2.46785443908587      -0.934509850734096     
  5.869922655109515E-002
  0.557833606614865     
  8.631941515451547E-002
   21.4315186253168       0.202263636363636     
   2.46791205433865      -0.934287155206342     
  5.826330100363746E-002
  0.558583995336616     
  8.581544225287208E-002
   21.4360426594954       0.202186428571429     
   2.46797862671834      -0.933921060552570     
  5.818428487781389E-002
  0.564598308319950     
  8.628174240623622E-002
   21.4321504914782       0.202239298245614     
   2.46814473429809      -0.933682461819806     
  6.001315459951410E-002
  0.571186532915585     
  9.007473898216208E-002
   21.4309524800195       0.202255172413793     
   2.46813849083589      -0.933812999574244     
  5.931119849734182E-002
  0.569983023193420     
  8.892371386612506E-002
   21.4301658894189       0.202242033898305     
   2.46807781264229      -0.934114168189499     
  5.930419903713571E-002
  0.573408316638172     
  8.937424673430197E-002
   -0.934427484956529        0.202260333333333     
   2.46796959983921      -0.934427484956529     
  5.958522074001193E-002
  0.577571390546725     
  9.124544048237812E-002
