 dia,pressure =    0.7500000000000        8.70941350401505     
   21.8201577247071       0.197840000000000     
   2.46844402954301      -0.850247983539095     
  2.035985025736939E-002
  0.351753200182853     
  3.065426692256221E-003
   21.5993259613062       0.200730000000000     
   2.46818676203392      -0.856973786008230     
  2.589445300936821E-002
  0.388069380570103     
  1.933967265480994E-002
   21.5793727896368       0.200980000000000     
   2.46904971795314      -0.854358288751715     
  2.271930184547466E-002
  0.363706947202744     
  1.883343607110197E-002
   21.5363233068238       0.201525000000000     
   2.47205720216345      -0.851952337962963     
  6.081735831781179E-002
  0.363282421038170     
  5.134933573279361E-002
   21.4837814914992       0.202356000000000     
   2.47310929707049      -0.851034753086420     
  5.619418089097909E-002
  0.346455574987248     
  4.753861288941936E-002
   21.4848630474683       0.202250000000000     
   2.47341180292252      -0.849985713305898     
  4.903611380463806E-002
  0.344300411770150     
  4.214668961722500E-002
   21.4979552975145       0.202077142857143     
   2.47246507252913      -0.851995277777778     
  5.393461537111770E-002
  0.380679254621473     
  5.868576576718811E-002
   21.5306795393525       0.201540000000000     
   2.47100690737279      -0.853568973765432     
  6.990215141806541E-002
  0.398795348585236     
  7.468853419425556E-002
   21.5750781196630       0.200897777777778     
   2.47053007558854      -0.852441346593507     
  6.611617625689718E-002
  0.403473164197485     
  6.232972000817448E-002
   21.6273479938591       0.200140000000000     
   2.46993962772163      -0.852135682098765     
  6.501757088072588E-002
  0.391068853503534     
  5.498230467745305E-002
   21.6107962868452       0.200327272727273     
   2.46961902840455      -0.851549115226337     
  6.220301604013383E-002
  0.384923931197500     
  4.797101478105709E-002
   21.5624376328481       0.200993333333333     
   2.46965426671974      -0.851640924211248     
  5.792370497853340E-002
  0.378946793131979     
  4.478312936037165E-002
   21.5752325235738       0.200806153846154     
   2.47017559723336      -0.851252957423235     
  6.114969962750483E-002
  0.374469008247224     
  4.632010970433351E-002
   21.5912875546893       0.200525714285714     
   2.46986052254598      -0.851393688271605     
  5.942106597759187E-002
  0.365025271090202     
  4.456512018579374E-002
   21.6062365603751       0.200309333333333     
   2.46999600178928      -0.851363548696845     
  5.725912550727444E-002
  0.361345125097987     
  4.428996295313929E-002
   21.6058937945768       0.200293750000000     
   2.46998400344161      -0.851623910751029     
  5.484715760755767E-002
  0.356263113187195     
  4.241941836259002E-002
   21.6059652817276       0.200290588235294     
   2.46987248929991      -0.851545689300411     
  5.424901455850308E-002
  0.349841534882523     
  4.114918329257821E-002
   21.5931561320290       0.200444444444444     
   2.46950247613408      -0.852418523090992     
  5.549865140769993E-002
  0.363733417382630     
  4.791842648818242E-002
   21.5744972510705       0.200701052631579     
   2.46945357775267      -0.852247489170457     
  5.343036225323650E-002
  0.362400367219973     
  4.505815969084756E-002
   21.5835142538475       0.200555000000000     
   2.46947697476576      -0.852107266460905     
  5.258450504591680E-002
  0.359723280837749     
  4.429288220901384E-002
   21.5926950031502       0.200441904761905     
   2.46947144264510      -0.851961865569273     
  5.093270046853643E-002
  0.359487021642140     
  4.426285603290955E-002
   21.5887230295617       0.200503636363636     
   2.46991916626827      -0.851245366161616     
  5.527201113616856E-002
  0.370635656803618     
  5.162777242854372E-002
   21.5919179047630       0.200470434782609     
   2.47010431384618      -0.850711198783324     
  5.691224731382273E-002
  0.381513015647350     
  5.687115734333997E-002
   21.6015153694570       0.200315833333333     
   2.47009448243658      -0.850330398662551     
  5.519784197967566E-002
  0.384293585185304     
  5.468337262635477E-002
   21.6005553945011       0.200341600000000     
   2.47025787777066      -0.850213870781893     
  5.439103599791051E-002
  0.382574828931664     
  5.413512623671125E-002
   21.6020177367792       0.200329230769231     
   2.47008734888697      -0.850298031022475     
  5.485152415241356E-002
  0.378847373827055     
  5.355954336918493E-002
   21.6054013562817       0.200320000000000     
   2.46980498654806      -0.850725733882030     
  5.677744983190821E-002
  0.383670843666578     
  5.749539663927151E-002
   21.5964497868958       0.200462857142857     
   2.46961866111171      -0.851057836566726     
  5.629319939583498E-002
  0.383591526906729     
  5.824693574188131E-002
   21.6059980479551       0.200297241379310     
   2.46927122701063      -0.851589839648077     
  6.012139255014875E-002
  0.393154330882825     
  6.528878897380977E-002
   21.6121243206063       0.200212666666667     
   2.46916705914975      -0.851869910836763     
  5.911314340413066E-002
  0.397403973580781     
  6.574876729815030E-002
   21.6251655678245       0.200035483870968     
   2.46924300173134      -0.851630361741670     
  5.800044154607791E-002
  0.395048978904087     
  6.413334015142401E-002
   21.6166163286915       0.200158125000000     
   2.46938214640747      -0.851399676247428     
  5.726332415344988E-002
  0.394206825031999     
  6.385888739943014E-002
   21.6067129450952       0.200307272727273     
   2.46959728761024      -0.851205900049882     
  5.804909739530912E-002
  0.394445776356038     
  6.459574104478751E-002
   21.6130164660117       0.200233529411765     
   2.46949482464446      -0.851328325163399     
  5.849180666318441E-002
  0.392636132499539     
  6.503407659644683E-002
   21.6162451199586       0.200188000000000     
   2.46927622012254      -0.851353385949441     
  5.936048158274552E-002
  0.388625663397763     
  6.365995023951902E-002
   21.6250656320172       0.200075000000000     
   2.46910353198406      -0.851510848193873     
  5.945871798998698E-002
  0.386204660482243     
  6.361661148775968E-002
   21.6282272608346       0.199999459459459     
   2.46886974202588      -0.851819946613280     
  6.201490071769522E-002
  0.388788738976896     
  6.664547887441841E-002
   21.6270291764039       0.200024210526316     
   2.46887833296686      -0.851871730560970     
  6.153718367683993E-002
  0.388490516282471     
  6.682939160424167E-002
   21.6154819750012       0.200202564102564     
   2.46893427237847      -0.852229704547853     
  6.038009412893297E-002
  0.394441927284474     
  6.335498801340031E-002
   21.6110552806816       0.200256000000000     
   2.46885488177028      -0.852542021604938     
  5.963524086950206E-002
  0.395391942493890     
  6.325451484133872E-002
   21.6121225217266       0.200240975609756     
   2.46883505552582      -0.852943108250527     
  5.879288581321309E-002
  0.402499375370298     
  6.257499837223246E-002
   21.6122895897848       0.200230000000000     
   2.46878006912460      -0.853172655545757     
  5.851129980806379E-002
  0.403377050901501     
  6.225245121716595E-002
   21.6190051794287       0.200143255813953     
   2.46868729006922      -0.853286522155230     
  5.817912048717707E-002
  0.404704345213581     
  6.213643264182975E-002
   21.6126271809256       0.200216818181818     
   2.46864515499051      -0.853388923728021     
  5.822195522666018E-002
  0.403147038048394     
  6.220253183235713E-002
   21.6193968089037       0.200124444444444     
   2.46872762774549      -0.853407502972108     
  5.769534835103893E-002
  0.400206290785094     
  6.127615613211591E-002
   21.6218041705466       0.200094782608696     
   2.46883969442388      -0.853442312354625     
  5.736175918407400E-002
  0.397748206693402     
  5.961227408364924E-002
   21.6230654386921       0.200073617021277     
   2.46889555394883      -0.853564128360038     
  5.682938012699449E-002
  0.397771716997441     
  5.710208269602961E-002
   21.6248178626807       0.200035833333333     
   2.46877415099606      -0.853539006129972     
  5.698142035778699E-002
  0.395553275175004     
  5.612118973120195E-002
   21.6309196689112       0.199952653061224     
   2.46855927128567      -0.853759717393130     
  5.932815985010607E-002
  0.395508219568130     
  5.851938798365282E-002
   21.6320430043093       0.199940400000000     
   2.46827478261250      -0.854266733950617     
  6.438591259573835E-002
  0.411763515496985     
  6.844374111957732E-002
   21.6279945522767       0.200004705882353     
   2.46820290090549      -0.854199912450577     
  6.382367171766172E-002
  0.410220489382108     
  6.699095203325886E-002
   21.6353684912553       0.199885769230769     
   2.46807172073484      -0.854181623535929     
  6.400164485933317E-002
  0.408444717755753     
  6.578966347957142E-002
   21.6270185073197       0.199975471698113     
   2.46803001720684      -0.854095993477754     
  6.345925637391818E-002
  0.407799813872783     
  6.523099173274645E-002
   21.6281153569059       0.199971111111111     
   2.46794701726473      -0.854022506287151     
  6.336621075500676E-002
  0.407347912550584     
  6.458114461777771E-002
   21.6213124199391       0.200064727272727     
   2.46783205461631      -0.853985655443322     
  6.367306000539018E-002
  0.405523608728990     
  6.379336520733959E-002
   21.6214513071788       0.200064285714286     
   2.46775996649002      -0.853919982914462     
  6.323648240054422E-002
  0.403156320050720     
  6.240912396765307E-002
   21.6164324744536       0.200125263157895     
   2.46768871894456      -0.854171177532308     
  6.268077703072741E-002
  0.407063642901749     
  6.277902942054049E-002
   21.6218460874535       0.200051724137931     
   2.46758487503588      -0.854442594189017     
  6.275695765746146E-002
  0.411838906178052     
  6.456110444779620E-002
   21.6141032369609       0.200169152542373     
   2.46751315367388      -0.854755766548092     
  6.244447569021717E-002
  0.418387830655208     
  6.565014039649740E-002
   -0.854870219821674       0.200135000000000     
   2.46752708936728      -0.854870219821674     
  6.180615936225824E-002
  0.419361662030519     
  6.536489306037808E-002
